NC_053247.1	NC_053248.1	22045	33574	91.037	11581	947	68	15551	0.0	88
NC_053247.1	NC_053248.1	39963	47586	90.433	7672	639	59	10013	0.0	88
NC_053247.1	NC_053248.1	6756	11860	91.270	5120	424	13	6957	0.0	88
NC_053247.1	NC_053248.1	15202	18765	91.576	3597	258	27	4922	0.0	88
NC_053247.1	NC_053248.1	33735	37073	90.036	3352	299	28	4307	0.0	88
NC_053247.1	NC_053248.1	51955	54982	91.691	3045	166	39	4141	0.0	88
NC_053247.1	NC_053248.1	11892	14725	89.367	2859	252	32	3548	0.0	88
NC_053247.1	NC_053248.1	37709	39385	95.530	1678	73	2	2682	0.0	88
NC_053247.1	NC_053248.1	1736	3184	92.754	1449	104	1	2093	0.0	88
NC_053247.1	NC_053248.1	54994	56271	94.297	1280	70	3	1956	0.0	88
NC_053247.1	NC_053248.1	51012	51931	95.548	921	36	3	1469	0.0	88
NC_053247.1	NC_053248.1	18740	19712	93.750	976	57	4	1461	0.0	88
NC_053247.1	NC_053248.1	58655	59966	86.546	1323	156	16	1437	0.0	88
NC_053247.1	NC_053248.1	48679	49423	93.733	750	40	5	1118	0.0	88
NC_053247.1	NC_053248.1	21221	22035	91.166	815	72	0	1107	0.0	88
NC_053247.1	NC_053248.1	1	757	92.338	757	58	0	1077	0.0	88
NC_053247.1	NC_053248.1	6042	6755	91.460	726	46	9	983	0.0	88
NC_053247.1	NC_053248.1	57145	57851	87.342	711	82	8	808	0.0	88
NC_053247.1	NC_053248.1	4710	5430	85.773	731	75	20	747	0.0	88
NC_053247.1	NC_053248.1	3481	3932	91.150	452	37	1	610	1.66e-171	88
NC_053247.1	NC_053248.1	50079	50687	81.120	625	93	18	477	1.76e-131	88
NC_053247.1	NC_053248.1	60030	60350	88.854	323	33	3	394	1.82e-106	88
NC_053247.1	NC_053248.1	56410	56735	86.850	327	41	2	364	1.43e-97	88
NC_053247.1	NC_053248.1	58042	58513	79.880	502	62	21	331	1.45e-87	88
NC_053247.1	NC_053248.1	47903	48117	91.667	216	17	1	298	1.47e-77	88
NC_053247.1	NC_053248.1	49868	50075	91.905	210	15	2	292	6.83e-76	88
NC_053247.1	NC_053248.1	61049	61208	94.375	160	8	1	244	1.94e-61	88
NC_053247.1	NC_053248.1	4205	4350	95.890	146	6	0	237	3.24e-59	88
NC_053247.1	NC_053248.1	4434	4497	92.188	64	5	0	91.6	2.67e-15	88
NC_053247.1	NC_053248.1	5734	5764	100.000	31	0	0	58.4	2.71e-05	88
NC_053247.1	NC_053249.1	22148	33671	90.607	11583	987	75	15269	0.0	88
NC_053247.1	NC_053249.1	40060	47662	89.966	7664	669	65	9801	0.0	88
NC_053247.1	NC_053249.1	6611	11715	91.387	5120	418	13	6990	0.0	88
NC_053247.1	NC_053249.1	14553	18116	91.576	3597	258	27	4922	0.0	88
NC_053247.1	NC_053249.1	33832	37166	89.782	3347	309	26	4255	0.0	88
NC_053247.1	NC_053249.1	11747	14551	89.717	2830	239	32	3567	0.0	88
NC_053247.1	NC_053249.1	37806	39486	96.550	1681	58	0	2784	0.0	88
NC_053247.1	NC_053249.1	1736	3179	95.433	1445	64	2	2302	0.0	88
NC_053247.1	NC_053249.1	56012	57970	87.147	1984	220	24	2218	0.0	88
NC_053247.1	NC_053249.1	18091	19063	93.443	976	60	4	1445	0.0	88
NC_053247.1	NC_053249.1	51890	53678	81.436	1810	238	59	1391	0.0	88
NC_053247.1	NC_053249.1	50950	51866	91.721	918	74	2	1273	0.0	88
NC_053247.1	NC_053249.1	1	757	96.962	757	23	0	1271	0.0	88
NC_053247.1	NC_053249.1	21342	22138	91.228	798	68	2	1085	0.0	88
NC_053247.1	NC_053249.1	54932	55884	85.669	956	122	12	992	0.0	88
NC_053247.1	NC_053249.1	5897	6610	91.460	726	46	9	983	0.0	88
NC_053247.1	NC_053249.1	4311	5285	84.787	986	95	41	939	0.0	88
NC_053247.1	NC_053249.1	53816	54585	85.414	809	68	30	795	0.0	88
NC_053247.1	NC_053249.1	58774	59325	91.304	552	48	0	754	0.0	88
NC_053247.1	NC_053249.1	48671	49069	96.992	399	12	0	671	0.0	88
NC_053247.1	NC_053249.1	59326	59995	82.500	680	99	15	579	4.68e-162	88
NC_053247.1	NC_053249.1	60059	60379	88.854	323	33	3	394	1.82e-106	88
NC_053247.1	NC_053249.1	3558	3769	96.226	212	8	0	348	1.44e-92	88
NC_053247.1	NC_053249.1	49986	50213	93.913	230	12	2	346	5.17e-92	88
NC_053247.1	NC_053249.1	58161	58632	79.880	502	62	21	331	1.45e-87	88
NC_053247.1	NC_053249.1	47979	48193	91.204	216	18	1	292	6.83e-76	88
NC_053247.1	NC_053249.1	50225	50605	80.102	392	61	13	276	6.88e-71	88
NC_053247.1	NC_053249.1	3186	3438	85.771	253	33	3	265	1.49e-67	88
NC_053247.1	NC_053249.1	61078	61237	94.375	160	8	1	244	1.94e-61	88
NC_053247.1	NC_053249.1	48397	48466	87.324	71	8	1	80.5	5.79e-12	88
NC_053247.1	NC_053249.1	5589	5619	100.000	31	0	0	58.4	2.71e-05	88
NC_053247.1	NC_053245.1	23208	30501	79.662	7459	1208	245	5084	0.0	42
NC_053247.1	NC_053245.1	6596	9829	77.241	3313	597	122	1796	0.0	42
NC_053247.1	NC_053245.1	32029	34706	78.821	2748	465	93	1742	0.0	42
NC_053247.1	NC_053245.1	54081	55320	81.978	1254	198	24	1038	0.0	42
NC_053247.1	NC_053245.1	1767	3215	78.199	1477	262	55	889	0.0	42
NC_053247.1	NC_053245.1	17904	18813	82.155	919	147	13	773	0.0	42
NC_053247.1	NC_053245.1	15537	17499	74.111	2024	378	104	701	0.0	42
NC_053247.1	NC_053245.1	31358	31878	88.314	522	59	2	625	5.93e-176	42
NC_053247.1	NC_053245.1	19978	21183	75.689	1234	212	65	536	2.86e-149	42
NC_053247.1	NC_053245.1	53567	53956	90.537	391	33	4	514	1.34e-142	42
NC_053247.1	NC_053245.1	12321	13463	75.593	1180	187	74	490	2.26e-135	42
NC_053247.1	NC_053245.1	39944	41006	74.329	1118	210	55	403	3.02e-109	42
NC_053247.1	NC_053245.1	43666	44204	79.041	563	81	22	351	1.11e-93	42
NC_053247.1	NC_053245.1	5353	5903	77.425	567	80	36	294	1.90e-76	42
NC_053247.1	NC_053245.1	30842	31197	78.947	361	63	10	233	4.20e-58	42
NC_053247.1	NC_053245.1	48712	48805	91.489	94	7	1	128	2.04e-26	42
NC_053247.1	NC_053245.1	48222	48365	82.877	146	18	6	124	2.64e-25	42
NC_053247.1	NC_053245.1	47477	47563	88.506	87	10	0	106	9.55e-20	42
NC_053247.1	NC_053244.1	24076	31372	79.630	7462	1208	251	5072	0.0	44
NC_053247.1	NC_053244.1	32900	35577	79.156	2749	454	91	1792	0.0	44
NC_053247.1	NC_053244.1	7025	10261	77.181	3313	602	128	1788	0.0	44
NC_053247.1	NC_053244.1	16414	19669	74.814	3363	625	160	1314	0.0	44
NC_053247.1	NC_053244.1	360	2234	77.441	1915	350	72	1068	0.0	44
NC_053247.1	NC_053244.1	32229	32749	88.314	522	59	2	625	5.93e-176	44
NC_053247.1	NC_053244.1	20843	22051	75.566	1236	218	63	532	3.70e-148	44
NC_053247.1	NC_053244.1	55421	55804	88.491	391	35	9	464	1.37e-127	44
NC_053247.1	NC_053244.1	13209	14027	76.959	855	119	58	416	3.88e-113	44
NC_053247.1	NC_053244.1	40824	41919	73.833	1135	219	51	379	5.09e-102	44
NC_053247.1	NC_053244.1	54758	55043	88.850	287	27	4	348	1.44e-92	44
NC_053247.1	NC_053244.1	56265	56945	76.115	695	138	24	339	8.65e-90	44
NC_053247.1	NC_053244.1	44740	45184	79.785	465	69	15	315	1.46e-82	44
NC_053247.1	NC_053244.1	22288	23585	71.418	1368	279	91	257	2.49e-65	44
NC_053247.1	NC_053244.1	31713	32068	79.778	361	60	10	250	4.17e-63	44
NC_053247.1	NC_053244.1	20129	20564	74.041	443	101	13	169	1.20e-38	44
NC_053247.1	NC_053244.1	48099	48194	89.583	96	7	1	119	1.23e-23	44
NC_053247.1	NC_053244.1	50189	50282	89.362	94	9	1	117	4.41e-23	44
NC_053247.1	NC_053243.1	26274	31574	77.215	5451	977	200	2940	0.0	38
NC_053247.1	NC_053243.1	4585	7793	76.022	3278	643	119	1567	0.0	38
NC_053247.1	NC_053243.1	360	2245	77.449	1929	348	79	1072	0.0	38
NC_053247.1	NC_053243.1	23922	25757	76.340	1885	360	70	931	0.0	38
NC_053247.1	NC_053243.1	37072	38682	76.549	1646	305	60	826	0.0	38
NC_053247.1	NC_053243.1	16220	17133	81.405	925	151	16	736	0.0	38
NC_053247.1	NC_053243.1	13899	16087	73.262	2244	466	105	697	0.0	38
NC_053247.1	NC_053243.1	35225	35895	83.680	674	105	5	630	1.27e-177	38
NC_053247.1	NC_053243.1	34492	35002	87.961	515	57	4	603	2.78e-169	38
NC_053247.1	NC_053243.1	9697	10392	78.138	709	134	15	431	1.39e-117	38
NC_053247.1	NC_053243.1	10616	11484	75.862	899	150	48	396	5.06e-107	38
NC_053247.1	NC_053243.1	55457	56136	77.266	695	128	24	381	1.42e-102	38
NC_053247.1	NC_053243.1	41124	41649	79.496	556	80	19	364	1.43e-97	38
NC_053247.1	NC_053243.1	44841	45365	78.938	546	84	22	342	6.68e-91	38
NC_053247.1	NC_053243.1	55083	55306	82.684	231	27	9	193	7.12e-46	38
NC_053247.1	NC_053243.1	11599	11777	83.240	179	30	0	165	1.55e-37	38
NC_053247.1	NC_053243.1	56706	56909	80.556	216	22	18	148	1.56e-32	38
NC_053247.1	NC_053243.1	39527	40125	71.543	622	131	42	126	7.33e-26	38
NC_053247.1	NC_053211.1	27090	30613	78.958	3569	641	91	2329	0.0	26
NC_053247.1	NC_053211.1	6448	10225	76.168	3873	690	174	1823	0.0	26
NC_053247.1	NC_053211.1	17899	19538	76.467	1670	314	60	833	0.0	26
NC_053247.1	NC_053211.1	11328	13367	74.175	2122	363	139	712	0.0	26
NC_053247.1	NC_053211.1	372	1392	79.769	1038	157	41	704	0.0	26
NC_053247.1	NC_053211.1	40277	41914	73.829	1708	293	115	536	2.86e-149	26
NC_053247.1	NC_053211.1	38833	39379	79.826	575	81	25	387	3.04e-104	26
NC_053247.1	NC_053211.1	36503	36853	79.437	355	65	7	244	1.94e-61	26
NC_053247.1	NC_053211.1	16187	16572	78.426	394	67	14	241	2.51e-60	26
NC_053247.1	NC_053211.1	20451	20889	76.718	451	82	21	230	5.43e-57	26
NC_053247.1	NC_053211.1	26363	26478	87.395	119	9	3	132	1.57e-27	26
NC_053247.1	NC_053211.1	51485	51548	84.615	65	8	2	63.9	5.83e-07	26
NC_053247.1	NC_053210.1	26676	30199	78.779	3572	642	95	2290	0.0	25
NC_053247.1	NC_053210.1	6496	9704	77.027	3269	582	131	1720	0.0	25
NC_053247.1	NC_053210.1	17493	19136	75.640	1679	323	67	756	0.0	25
NC_053247.1	NC_053210.1	10902	12942	74.166	2129	352	153	702	0.0	25
NC_053247.1	NC_053210.1	372	1392	79.457	1032	171	32	693	0.0	25
NC_053247.1	NC_053210.1	38191	39373	74.330	1231	214	76	429	4.99e-117	25
NC_053247.1	NC_053210.1	39715	41245	72.806	1607	277	111	399	3.91e-108	25
NC_053247.1	NC_053210.1	15778	16159	77.892	389	69	11	226	7.02e-56	25
NC_053247.1	NC_053210.1	25940	26055	85.714	119	11	3	121	3.41e-24	25
NC_053247.1	NC_053210.1	50611	50651	92.683	41	3	0	60.2	7.54e-06	25
NC_053247.1	NC_053210.1	48926	48955	100.000	30	0	0	56.5	9.75e-05	25
NC_053247.1	NC_053237.1	35815	37131	83.321	1343	192	28	1210	0.0	22
NC_053247.1	NC_053237.1	8652	9839	83.014	1201	175	26	1061	0.0	22
NC_053247.1	NC_053237.1	24711	26345	78.019	1656	322	36	1003	0.0	22
NC_053247.1	NC_053237.1	652	2816	75.231	2269	357	144	887	0.0	22
NC_053247.1	NC_053237.1	17982	18838	79.342	881	126	43	568	1.01e-158	22
NC_053247.1	NC_053237.1	6509	7573	76.514	1090	206	42	549	3.67e-153	22
NC_053247.1	NC_053237.1	15704	16744	75.547	1096	182	68	460	1.77e-126	22
NC_053247.1	NC_053237.1	27056	27896	77.143	875	135	51	448	1.38e-122	22
NC_053247.1	NC_053237.1	4489	4824	87.574	338	36	6	387	3.04e-104	22
NC_053247.1	NC_053237.1	22216	22555	83.871	341	53	2	324	2.42e-85	22
NC_053247.1	NC_053237.1	41186	41724	77.972	572	87	24	322	8.71e-85	22
NC_053247.1	NC_053237.1	21243	21909	75.364	686	137	26	302	1.13e-78	22
NC_053247.1	NC_053237.1	42681	43423	73.298	764	141	43	222	9.08e-55	22
NC_053247.1	NC_053237.1	46522	46680	89.308	159	16	1	198	1.53e-47	22
NC_053247.1	NC_053237.1	12170	12372	83.495	206	27	7	185	1.19e-43	22
NC_053247.1	NC_053237.1	13774	13865	86.957	92	12	0	104	3.43e-19	22
NC_053247.1	NC_053241.1	652	2760	77.465	2201	314	122	1149	0.0	20
NC_053247.1	NC_053241.1	25544	27200	79.060	1681	304	41	1110	0.0	20
NC_053247.1	NC_053241.1	8850	10037	82.833	1200	179	24	1050	0.0	20
NC_053247.1	NC_053241.1	37247	37742	88.911	496	53	2	610	1.66e-171	20
NC_053247.1	NC_053241.1	6707	7771	76.514	1090	206	42	549	3.67e-153	20
NC_053247.1	NC_053241.1	18942	19745	79.005	824	133	32	527	1.72e-146	20
NC_053247.1	NC_053241.1	16632	17672	75.780	1090	190	59	483	3.77e-133	20
NC_053247.1	NC_053241.1	27917	28757	77.612	871	138	47	475	6.32e-131	20
NC_053247.1	NC_053241.1	4687	5022	87.574	338	36	6	387	3.04e-104	20
NC_053247.1	NC_053241.1	22116	22782	75.073	686	139	24	291	2.46e-75	20
NC_053247.1	NC_053241.1	11540	12131	75.602	623	114	23	274	2.47e-70	20
NC_053247.1	NC_053241.1	12357	12616	80.000	265	42	8	185	1.19e-43	20
NC_053247.1	NC_053241.1	43449	43885	74.887	442	86	12	178	1.99e-41	20
NC_053247.1	NC_053236.1	24620	25931	81.495	1324	221	22	1066	0.0	20
NC_053247.1	NC_053236.1	8499	9686	82.764	1201	178	25	1044	0.0	20
NC_053247.1	NC_053236.1	632	2777	75.210	2267	363	148	889	0.0	20
NC_053247.1	NC_053236.1	36307	36802	88.934	497	51	4	610	1.66e-171	20
NC_053247.1	NC_053236.1	18024	18791	79.695	788	123	29	534	1.03e-148	20
NC_053247.1	NC_053236.1	6470	7534	75.830	1084	224	35	516	3.72e-143	20
NC_053247.1	NC_053236.1	26993	27833	77.241	870	143	43	459	6.36e-126	20
NC_053247.1	NC_053236.1	4450	4785	87.278	338	37	6	381	1.42e-102	20
NC_053247.1	NC_053236.1	21192	21858	75.691	687	133	26	313	5.24e-82	20
NC_053247.1	NC_053236.1	40847	41427	76.393	610	110	25	298	1.47e-77	20
NC_053247.1	NC_053236.1	10895	11486	75.281	623	116	23	263	5.35e-67	20
NC_053247.1	NC_053236.1	46071	46264	88.205	195	18	5	228	1.95e-56	20
NC_053247.1	NC_053236.1	46679	46889	83.645	214	32	1	198	1.53e-47	20
NC_053247.1	NC_053236.1	22738	23074	77.326	344	64	14	191	2.56e-45	20
NC_053247.1	NC_053236.1	42784	43382	73.322	611	121	23	187	3.31e-44	20
NC_053247.1	NC_053236.1	11712	12065	76.944	360	58	18	182	1.54e-42	20
NC_053247.1	NC_053236.1	50339	50484	80.795	151	19	10	110	7.38e-21	20
NC_053247.1	NC_053239.1	8849	10036	83.083	1200	176	24	1066	0.0	22
NC_053247.1	NC_053239.1	652	2759	76.567	2202	331	128	1037	0.0	22
NC_053247.1	NC_053239.1	24645	26286	78.289	1672	303	52	1022	0.0	22
NC_053247.1	NC_053239.1	36330	36826	88.129	497	56	3	588	7.78e-165	22
NC_053247.1	NC_053239.1	6706	7770	76.422	1090	207	42	544	1.71e-151	22
NC_053247.1	NC_053239.1	18166	18956	79.328	803	135	25	534	1.03e-148	22
NC_053247.1	NC_053239.1	15605	16645	76.195	1088	189	54	510	1.73e-141	22
NC_053247.1	NC_053239.1	27003	27843	77.727	871	137	47	481	1.36e-132	22
NC_053247.1	NC_053239.1	4686	5021	87.574	338	36	6	387	3.04e-104	22
NC_053247.1	NC_053239.1	40871	41451	76.268	611	109	22	292	6.83e-76	22
NC_053247.1	NC_053239.1	21202	21868	75.073	686	139	24	291	2.46e-75	22
NC_053247.1	NC_053239.1	11248	11839	76.077	627	104	26	285	1.14e-73	22
NC_053247.1	NC_053239.1	46371	46587	86.239	218	28	2	235	1.17e-58	22
NC_053247.1	NC_053239.1	46600	46754	92.258	155	11	1	219	1.18e-53	22
NC_053247.1	NC_053239.1	12070	12267	84.925	199	28	2	200	4.26e-48	22
NC_053247.1	NC_053239.1	42531	42967	74.773	440	90	8	178	1.99e-41	22
NC_053247.1	NC_053239.1	17245	17613	73.228	381	72	22	111	2.05e-21	22
NC_053247.1	NC_053239.1	13031	13107	88.312	77	9	0	93.5	7.43e-16	22
NC_053247.1	NC_053239.1	45743	45804	91.935	62	4	1	86.1	1.24e-13	22
NC_053247.1	NC_055773.1	25898	27624	77.955	1751	338	44	1051	0.0	17
NC_053247.1	NC_055773.1	9861	11026	82.253	1172	193	14	998	0.0	17
NC_053247.1	NC_055773.1	722	2010	76.445	1367	214	72	641	0.0	17
NC_053247.1	NC_055773.1	7760	8824	75.460	1088	221	41	488	8.11e-135	17
NC_053247.1	NC_055773.1	18500	19414	76.939	941	166	40	488	8.11e-135	17
NC_053247.1	NC_055773.1	28289	29101	77.160	845	132	46	435	1.07e-118	17
NC_053247.1	NC_055773.1	16006	16667	77.876	678	118	27	392	6.54e-106	17
NC_053247.1	NC_055773.1	40630	41120	77.457	519	85	19	281	1.48e-72	17
NC_053247.1	NC_055773.1	13087	13475	80.153	393	52	22	270	3.20e-69	17
NC_053247.1	NC_055773.1	9190	9434	84.146	246	28	6	228	1.95e-56	17
NC_053247.1	NC_055773.1	42619	43167	73.929	560	109	25	191	2.56e-45	17
NC_053247.1	NC_055773.1	17598	18094	72.603	511	109	24	139	9.41e-30	17
NC_053247.1	NC_053238.1	8541	9728	82.750	1200	180	23	1044	0.0	19
NC_053247.1	NC_053238.1	24253	25549	80.840	1310	225	24	1005	0.0	19
NC_053247.1	NC_053238.1	608	2819	75.011	2317	369	146	878	0.0	19
NC_053247.1	NC_053238.1	35919	36414	89.113	496	52	2	616	3.57e-173	19
NC_053247.1	NC_053238.1	6512	7576	76.606	1090	205	42	555	7.89e-155	19
NC_053247.1	NC_053238.1	17653	18560	77.957	930	165	32	545	4.75e-152	19
NC_053247.1	NC_053238.1	26630	27450	77.150	849	141	41	444	1.78e-121	19
NC_053247.1	NC_053238.1	4492	4827	87.574	338	36	6	387	3.04e-104	19
NC_053247.1	NC_053238.1	20810	21476	75.291	688	134	26	296	5.28e-77	19
NC_053247.1	NC_053238.1	10949	11540	75.281	623	116	23	263	5.35e-67	19
NC_053247.1	NC_053238.1	22356	22692	78.488	344	60	14	213	5.47e-52	19
NC_053247.1	NC_053238.1	45625	45780	90.385	156	12	3	202	1.18e-48	19
NC_053247.1	NC_053238.1	42128	42564	75.227	440	88	8	189	9.21e-45	19
NC_053247.1	NC_053238.1	46065	46270	83.173	208	31	3	187	3.31e-44	19
NC_053247.1	NC_053238.1	11766	12119	76.944	360	58	18	182	1.54e-42	19
NC_053247.1	NC_053238.1	50081	50222	81.507	146	18	9	111	2.05e-21	19
NC_053247.1	NC_053238.1	13370	13461	86.957	92	12	0	104	3.43e-19	19
NC_053247.1	NC_055775.1	25489	27128	78.230	1672	300	52	1013	0.0	15
NC_053247.1	NC_055775.1	36018	36515	89.841	502	45	6	640	2.12e-180	15
NC_053247.1	NC_055775.1	8267	8967	82.386	704	118	6	608	5.97e-171	15
NC_053247.1	NC_055775.1	6249	7387	75.364	1169	231	50	510	1.73e-141	15
NC_053247.1	NC_055775.1	27880	28694	77.332	847	128	48	442	6.41e-121	15
NC_053247.1	NC_055775.1	156	1146	74.300	1035	188	62	366	3.97e-98	15
NC_053247.1	NC_055775.1	9910	10380	80.591	474	83	8	357	2.39e-95	15
NC_053247.1	NC_055775.1	40826	41316	78.035	519	82	20	298	1.47e-77	15
NC_053247.1	NC_055775.1	7781	8025	86.585	246	22	6	261	1.93e-66	15
NC_053247.1	NC_055775.1	1954	2811	72.845	928	160	56	233	4.20e-58	15
NC_053247.1	NC_055775.1	12441	12685	82.591	247	32	8	207	2.54e-50	15
NC_053247.1	NC_055775.1	47745	47859	95.652	115	5	0	185	1.19e-43	15
NC_053247.1	NC_055775.1	17556	17858	75.321	312	60	14	134	4.38e-28	15
NC_053247.1	NC_055775.1	52185	52334	82.353	153	21	6	128	2.04e-26	15
NC_053247.1	NC_055776.1	8942	10107	82.338	1172	192	14	1003	0.0	15
NC_053247.1	NC_055776.1	24961	26276	80.180	1332	232	27	968	0.0	15
NC_053247.1	NC_055776.1	633	2010	75.482	1452	256	66	617	9.92e-174	15
NC_053247.1	NC_055776.1	7024	8088	75.574	1089	218	44	494	1.74e-136	15
NC_053247.1	NC_055776.1	27352	28167	77.150	849	128	48	433	3.86e-118	15
NC_053247.1	NC_055776.1	11394	12412	74.930	1073	193	55	422	8.35e-115	15
NC_053247.1	NC_055776.1	42199	42735	76.678	566	98	21	283	4.11e-73	15
NC_053247.1	NC_055776.1	4912	5151	87.500	240	30	0	278	1.91e-71	15
NC_053247.1	NC_055776.1	35973	36228	84.615	260	32	8	252	1.16e-63	15
NC_053247.1	NC_055776.1	8454	8698	84.553	246	27	5	233	4.20e-58	15
NC_053247.1	NC_055776.1	13489	13791	79.032	310	57	6	206	9.15e-50	15
NC_053247.1	NC_055776.1	44133	44681	74.061	559	110	24	196	5.51e-47	15
NC_053247.1	NC_055776.1	48120	48202	96.386	83	3	0	137	3.39e-29	15
NC_053247.1	NC_055803.1	9035	10202	81.973	1176	193	18	979	0.0	18
NC_053247.1	NC_055803.1	25978	27293	79.895	1333	234	31	946	0.0	18
NC_053247.1	NC_055803.1	633	2779	74.524	2257	397	121	819	0.0	18
NC_053247.1	NC_055803.1	7017	8081	75.758	1089	216	43	505	8.06e-140	18
NC_053247.1	NC_055803.1	18229	18882	80.120	664	105	20	470	2.94e-129	18
NC_053247.1	NC_055803.1	48637	49050	86.603	418	49	7	455	8.23e-125	18
NC_053247.1	NC_055803.1	28369	29183	77.594	848	124	49	453	2.96e-124	18
NC_053247.1	NC_055803.1	11505	12627	73.946	1186	210	74	387	3.04e-104	18
NC_053247.1	NC_055803.1	47658	47966	85.358	321	32	11	318	1.13e-83	18
NC_053247.1	NC_055803.1	8549	8793	86.179	246	23	6	255	8.96e-65	18
NC_053247.1	NC_055803.1	48052	48356	81.613	310	32	17	233	4.20e-58	18
NC_053247.1	NC_055803.1	13636	13938	78.065	310	60	6	189	9.21e-45	18
NC_053247.1	NC_055803.1	43511	44059	73.609	557	116	22	185	1.19e-43	18
NC_053247.1	NC_055803.1	13857	13948	90.217	92	9	0	121	3.41e-24	18
NC_053247.1	NC_055803.1	2899	2972	86.486	74	10	0	82.4	1.61e-12	18
NC_053247.1	NC_055779.1	25073	26712	77.811	1672	307	51	974	0.0	16
NC_053247.1	NC_055779.1	8269	9436	81.718	1176	196	18	963	0.0	16
NC_053247.1	NC_055779.1	10739	12556	73.155	1911	348	122	534	1.03e-148	16
NC_053247.1	NC_055779.1	6251	7389	75.364	1169	231	50	510	1.73e-141	16
NC_053247.1	NC_055779.1	27464	28281	77.203	851	125	50	433	3.86e-118	16
NC_053247.1	NC_055779.1	633	1146	78.736	522	95	16	335	1.12e-88	16
NC_053247.1	NC_055779.1	41377	41867	77.842	519	83	20	292	6.83e-76	16
NC_053247.1	NC_055779.1	1954	2811	73.131	923	166	50	255	8.96e-65	16
NC_053247.1	NC_055779.1	7783	8027	86.179	246	23	6	255	8.96e-65	16
NC_053247.1	NC_055779.1	47032	47146	95.652	115	5	0	185	1.19e-43	16
NC_053247.1	NC_055779.1	16459	16969	72.968	529	104	31	148	1.56e-32	16
NC_053247.1	NC_055779.1	51472	51621	82.353	153	21	6	128	2.04e-26	16
NC_053247.1	NC_055779.1	13109	13200	88.043	92	11	0	110	7.38e-21	16
NC_053247.1	NC_055864.1	9346	10513	81.888	1176	194	18	974	0.0	17
NC_053247.1	NC_055864.1	26488	27803	79.925	1330	239	25	952	0.0	17
NC_053247.1	NC_055864.1	633	2010	75.086	1453	260	70	584	1.01e-163	17
NC_053247.1	NC_055864.1	18546	19197	80.816	662	102	18	496	4.85e-137	17
NC_053247.1	NC_055864.1	7328	8466	74.850	1169	237	51	477	1.76e-131	17
NC_053247.1	NC_055864.1	28879	29693	77.686	847	125	48	459	6.36e-126	17
NC_053247.1	NC_055864.1	11816	12938	73.946	1186	210	74	387	3.04e-104	17
NC_053247.1	NC_055864.1	2358	2790	80.410	439	70	10	320	3.13e-84	17
NC_053247.1	NC_055864.1	42798	43288	77.842	519	83	20	292	6.83e-76	17
NC_053247.1	NC_055864.1	8860	9104	86.179	246	23	6	255	8.96e-65	17
NC_053247.1	NC_055864.1	44951	45499	73.835	558	113	22	191	2.56e-45	17
NC_053247.1	NC_055864.1	13947	14249	78.065	310	60	6	189	9.21e-45	17
NC_053247.1	NC_055864.1	17518	18028	72.779	529	105	31	143	7.28e-31	17
NC_053247.1	NC_055864.1	14168	14259	90.217	92	9	0	121	3.41e-24	17
NC_053247.1	NC_055864.1	2899	2972	90.541	74	7	0	99.0	1.60e-17	17
NC_053247.1	NC_042108.1	9414	10581	81.888	1176	194	18	974	0.0	18
NC_053247.1	NC_042108.1	25564	27203	77.591	1669	316	47	957	0.0	18
NC_053247.1	NC_042108.1	633	2790	74.097	2270	409	127	769	0.0	18
NC_053247.1	NC_042108.1	7396	8460	75.897	1087	218	40	516	3.72e-143	18
NC_053247.1	NC_042108.1	18176	18827	80.816	662	102	18	496	4.85e-137	18
NC_053247.1	NC_042108.1	27955	28769	77.686	847	125	48	459	6.36e-126	18
NC_053247.1	NC_042108.1	11884	13006	74.303	1183	211	66	414	1.40e-112	18
NC_053247.1	NC_042108.1	8928	9172	86.585	246	22	6	261	1.93e-66	18
NC_053247.1	NC_042108.1	43563	44111	73.703	559	112	24	185	1.19e-43	18
NC_053247.1	NC_042108.1	47788	47875	94.318	88	5	0	135	1.22e-28	18
NC_053247.1	NC_042108.1	17149	17659	72.348	528	109	30	132	1.57e-27	18
NC_053247.1	NC_042108.1	51839	51988	82.353	153	21	6	128	2.04e-26	18
NC_053247.1	NC_042108.1	14236	14327	88.043	92	11	0	110	7.38e-21	18
NC_053247.1	NC_042108.1	2899	2972	90.541	74	7	0	99.0	1.60e-17	18
NC_053247.1	NC_042045.1	26724	28363	77.751	1672	308	53	968	0.0	13
NC_053247.1	NC_042045.1	9700	10401	82.670	704	118	4	621	7.67e-175	13
NC_053247.1	NC_042045.1	634	2011	75.258	1451	261	64	601	9.99e-169	13
NC_053247.1	NC_042045.1	7599	8663	76.059	1086	218	39	527	1.72e-146	13
NC_053247.1	NC_042045.1	29115	29927	77.804	847	123	49	462	4.92e-127	13
NC_053247.1	NC_042045.1	12977	13959	75.216	1041	181	51	422	8.35e-115	13
NC_053247.1	NC_042045.1	42350	42840	78.185	518	83	17	303	3.15e-79	13
NC_053247.1	NC_042045.1	18643	19153	72.917	528	106	31	148	1.56e-32	13
NC_053247.1	NC_055778.1	9524	10689	81.741	1172	199	14	965	0.0	16
NC_053247.1	NC_055778.1	24639	25954	80.120	1333	231	32	963	0.0	16
NC_053247.1	NC_055778.1	633	2010	76.033	1452	248	67	662	0.0	16
NC_053247.1	NC_055778.1	11976	13796	73.483	1912	343	120	571	7.83e-160	16
NC_053247.1	NC_055778.1	7423	8487	75.298	1089	221	43	477	1.76e-131	16
NC_053247.1	NC_055778.1	27030	27841	77.396	845	128	47	444	1.78e-121	16
NC_053247.1	NC_055778.1	41257	41793	76.855	566	97	21	289	8.83e-75	16
NC_053247.1	NC_055778.1	35040	35295	84.615	260	32	8	252	1.16e-63	16
NC_053247.1	NC_055778.1	8853	9097	84.146	246	28	6	228	1.95e-56	16
NC_053247.1	NC_055778.1	17254	17764	72.917	528	106	31	148	1.56e-32	16
NC_053247.1	NC_055778.1	14352	14443	89.130	92	10	0	115	1.59e-22	16
NC_053247.1	NC_055818.1	9197	10363	81.362	1175	200	18	939	0.0	16
NC_053247.1	NC_055818.1	26117	27756	77.292	1669	321	47	929	0.0	16
NC_053247.1	NC_055818.1	156	2010	73.906	1966	349	115	638	7.61e-180	16
NC_053247.1	NC_055818.1	7179	8243	75.368	1088	222	41	483	3.77e-133	16
NC_053247.1	NC_055818.1	28508	29322	77.712	848	123	50	459	6.36e-126	16
NC_053247.1	NC_055818.1	12057	13039	75.241	1038	186	50	427	1.79e-116	16
NC_053247.1	NC_055818.1	42580	43161	75.733	614	107	29	270	3.20e-69	16
NC_053247.1	NC_055818.1	8706	8955	85.317	252	24	8	248	1.50e-62	16
NC_053247.1	NC_055818.1	44193	44741	73.703	559	112	24	185	1.19e-43	16
NC_053247.1	NC_055818.1	17319	17829	73.055	527	107	28	154	3.36e-34	16
NC_053247.1	NC_055777.1	24690	26005	79.624	1330	243	25	929	0.0	14
NC_053247.1	NC_055777.1	6889	7590	82.837	705	115	6	627	1.65e-176	14
NC_053247.1	NC_055777.1	16856	17658	78.896	815	143	21	525	6.18e-146	14
NC_053247.1	NC_055777.1	4871	6009	75.407	1167	234	46	516	3.72e-143	14
NC_053247.1	NC_055777.1	27081	27895	77.568	847	126	47	453	2.96e-124	14
NC_053247.1	NC_055777.1	10166	11288	73.986	1184	213	68	392	6.54e-106	14
NC_053247.1	NC_055777.1	633	1146	79.463	521	93	14	357	2.39e-95	14
NC_053247.1	NC_055777.1	6403	6647	86.179	246	23	6	255	8.96e-65	14
NC_053247.1	NC_055777.1	1954	2811	72.993	922	169	50	250	4.17e-63	14
NC_053247.1	NC_055777.1	15838	16348	73.157	529	103	31	154	3.36e-34	14
NC_053247.1	NC_055777.1	12488	12579	89.130	92	10	0	115	1.59e-22	14
NC_053247.1	NC_055856.1	25030	26345	79.474	1330	245	25	918	0.0	19
NC_053247.1	NC_055856.1	633	2781	74.878	2257	391	126	865	0.0	19
NC_053247.1	NC_055856.1	8630	9331	82.128	705	120	6	599	3.59e-168	19
NC_053247.1	NC_055856.1	11907	13529	73.931	1707	301	103	555	7.89e-155	19
NC_053247.1	NC_055856.1	18618	19269	81.118	662	100	18	507	2.24e-140	19
NC_053247.1	NC_055856.1	6712	7776	75.207	1089	222	44	472	8.17e-130	19
NC_053247.1	NC_055856.1	27421	28232	77.751	845	125	47	460	1.77e-126	19
NC_053247.1	NC_055856.1	41564	42100	76.325	566	100	21	272	8.89e-70	19
NC_053247.1	NC_055856.1	4517	4832	81.677	322	45	13	255	8.96e-65	19
NC_053247.1	NC_055856.1	8142	8386	84.553	246	27	5	233	4.20e-58	19
NC_053247.1	NC_055856.1	47487	47648	92.593	162	12	0	233	4.20e-58	19
NC_053247.1	NC_055856.1	43385	43933	74.014	558	112	22	196	5.51e-47	19
NC_053247.1	NC_055856.1	14032	14334	77.742	310	61	6	183	4.29e-43	19
NC_053247.1	NC_055856.1	17600	18110	73.535	529	101	32	165	1.55e-37	19
NC_053247.1	NC_055856.1	51945	52094	81.169	154	21	8	117	4.41e-23	19
NC_053247.1	NC_031052.1	30662	32603	75.567	1985	390	77	891	0.0	5
NC_053247.1	NC_031052.1	24058	24595	76.225	551	102	22	265	1.49e-67	5
NC_053247.1	NC_031052.1	11124	11335	81.395	215	25	11	161	2.01e-36	5
NC_053247.1	NC_055751.1	30751	32692	75.516	1985	391	77	885	0.0	5
NC_053247.1	NC_055751.1	24147	24684	76.225	551	102	22	265	1.49e-67	5
NC_053247.1	NC_055751.1	11213	11424	81.395	215	25	11	161	2.01e-36	5
NC_053247.1	NC_055798.1	30931	32872	75.453	1988	387	83	874	0.0	6
NC_053247.1	NC_055798.1	7731	8479	74.510	765	160	28	300	4.08e-78	6
NC_053247.1	NC_055798.1	24329	24866	76.225	551	102	22	265	1.49e-67	6
NC_053247.1	NC_055798.1	11378	11590	81.944	216	24	11	169	1.20e-38	6
NC_053247.1	NC_055797.1	30949	32890	75.378	1986	392	78	869	0.0	5
NC_053247.1	NC_055797.1	24347	24884	76.044	551	103	22	259	6.92e-66	5
NC_053247.1	NC_055797.1	11341	11552	81.860	215	24	11	167	4.32e-38	5
NC_053247.1	NC_055797.1	14070	14097	100.000	28	0	0	52.8	0.001	5
NC_053247.1	NC_030913.1	30902	32843	75.315	1985	395	80	863	0.0	4
NC_053247.1	NC_030913.1	23765	24302	76.225	551	102	22	265	1.49e-67	4
NC_053247.1	NC_030913.1	13534	13561	100.000	28	0	0	52.8	0.001	4
NC_053247.1	NC_055795.1	30759	32700	75.315	1985	395	80	863	0.0	6
NC_053247.1	NC_055795.1	21334	22089	77.546	766	152	14	444	1.78e-121	6
NC_053247.1	NC_055795.1	23632	24180	75.844	563	103	23	255	8.96e-65	6
NC_053247.1	NC_055795.1	10686	10898	81.019	216	26	11	158	2.60e-35	6
NC_053247.1	NC_055795.1	13400	13427	100.000	28	0	0	52.8	0.001	6
NC_053247.1	NC_055920.1	30854	32795	75.315	1985	395	80	863	0.0	4
NC_053247.1	NC_055920.1	23717	24254	76.225	551	102	22	265	1.49e-67	4
NC_053247.1	NC_055752.1	31484	33425	75.315	1985	395	80	863	0.0	5
NC_053247.1	NC_055752.1	24347	24884	76.044	551	103	22	259	6.92e-66	5
NC_053247.1	NC_055752.1	11341	11552	81.860	215	24	11	167	4.32e-38	5
NC_053247.1	NC_055752.1	14070	14097	100.000	28	0	0	52.8	0.001	5
NC_053247.1	NC_055799.1	31704	33645	75.302	1988	390	83	857	0.0	7
NC_053247.1	NC_055799.1	21783	23025	73.940	1274	270	51	457	2.29e-125	7
NC_053247.1	NC_055799.1	24567	25104	76.044	551	103	22	259	6.92e-66	7
NC_053247.1	NC_055799.1	11577	11788	81.395	215	25	11	161	2.01e-36	7
NC_053247.1	NC_055799.1	6779	7075	74.267	307	62	15	113	5.70e-22	7
NC_053247.1	NC_055810.1	30772	32714	75.252	1988	392	83	854	0.0	5
NC_053247.1	NC_055810.1	21356	22111	77.924	761	158	8	466	3.80e-128	5
NC_053247.1	NC_055810.1	10708	10920	81.019	216	26	11	158	2.60e-35	5
NC_053247.1	NC_055810.1	13422	13449	100.000	28	0	0	52.8	0.001	5
NC_053247.1	NC_055796.1	30996	32937	75.025	1986	399	82	830	0.0	4
NC_053247.1	NC_055796.1	11505	11716	81.395	215	25	11	161	2.01e-36	4
NC_053247.1	NC_055796.1	24439	24742	76.266	316	57	13	152	1.21e-33	4
NC_053247.1	NC_031061.1	25125	27030	73.724	1960	401	91	662	0.0	3
NC_053247.1	NC_055804.1	34495	34857	83.516	364	58	2	339	8.65e-90	2
NC_053247.1	NC_055804.1	7432	8408	72.718	997	223	40	289	8.83e-75	2
NC_053247.1	NC_048185.1	19229	19707	72.854	501	100	30	139	9.41e-30	1
NC_053247.1	NC_030901.1	39551	39625	90.667	75	7	0	100	4.44e-18	0
NC_053247.1	NC_030936.1	40061	40135	90.667	75	7	0	100	4.44e-18	0
NC_031271.1	NC_020414.2	15431	38702	96.453	23287	795	26	38398	0.0	93
NC_031271.1	NC_020414.2	39392	43984	90.561	4619	399	27	6080	0.0	93
NC_031271.1	NC_020414.2	3173	6500	90.458	3343	274	32	4364	0.0	93
NC_031271.1	NC_020414.2	10416	12947	90.626	2539	228	5	3362	0.0	93
NC_031271.1	NC_020414.2	1056	3026	93.364	1974	120	6	2909	0.0	93
NC_031271.1	NC_020414.2	7089	8896	95.193	1810	83	4	2857	0.0	93
NC_031271.1	NC_020414.2	13554	15246	90.111	1709	140	14	2193	0.0	93
NC_031271.1	NC_020414.2	211	660	97.802	455	4	2	780	0.0	93
NC_031271.1	NC_020414.2	13091	13560	91.720	471	38	1	652	0.0	93
NC_031271.1	NC_020414.2	9771	10010	95.868	242	8	1	390	1.74e-105	93
NC_031271.1	NC_020414.2	10057	10232	98.864	176	1	1	313	3.88e-82	93
NC_031271.1	NC_020414.2	1	59	95.000	60	2	1	93.5	5.50e-16	93
NC_031271.1	NC_004831.2	22468	38604	94.884	16145	812	12	25226	0.0	90
NC_031271.1	NC_004831.2	38860	43639	94.880	4785	236	9	7470	0.0	90
NC_031271.1	NC_004831.2	17772	22478	92.939	4716	320	11	6852	0.0	90
NC_031271.1	NC_004831.2	14993	17536	96.228	2545	94	2	4167	0.0	90
NC_031271.1	NC_004831.2	3090	6475	88.674	3408	322	47	4096	0.0	90
NC_031271.1	NC_004831.2	9542	12091	92.235	2550	198	0	3613	0.0	90
NC_031271.1	NC_004831.2	6541	8288	92.000	1750	137	3	2453	0.0	90
NC_031271.1	NC_004831.2	13191	14811	93.378	1631	92	8	2399	0.0	90
NC_031271.1	NC_004831.2	1096	2160	83.550	1076	144	24	976	0.0	90
NC_031271.1	NC_004831.2	146	527	96.084	383	13	2	623	1.58e-175	90
NC_031271.1	NC_004831.2	9114	9422	93.569	311	18	1	462	3.64e-127	90
NC_031271.1	NC_004831.2	925	978	94.643	56	1	2	86.1	9.20e-14	90
NC_031271.1	NC_004831.2	12219	12270	96.226	53	0	2	86.1	9.20e-14	90
NC_031271.1	NC_004831.2	1	44	95.556	45	1	1	71.3	2.58e-09	90
NC_031271.1	NC_004831.2	12998	13040	88.889	45	3	2	54.7	2.59e-04	90
NC_031271.1	NC_004831.2	43741	43769	100.000	29	0	0	54.7	2.59e-04	90
NC_031271.1	NC_047769.1	17830	22546	76.833	4774	982	101	2575	0.0	51
NC_031271.1	NC_047769.1	14787	17560	82.694	2791	448	33	2446	0.0	51
NC_031271.1	NC_047769.1	22539	25034	81.143	2519	432	37	1980	0.0	51
NC_031271.1	NC_047769.1	9250	12060	79.290	2844	514	56	1919	0.0	51
NC_031271.1	NC_047769.1	6246	8062	84.447	1826	266	14	1783	0.0	51
NC_031271.1	NC_047769.1	2798	6249	75.987	3494	741	78	1714	0.0	51
NC_031271.1	NC_047769.1	13137	14726	80.321	1621	269	27	1181	0.0	51
NC_031271.1	NC_047769.1	38541	39565	78.952	1050	180	38	676	0.0	51
NC_031271.1	NC_047769.1	10	474	83.932	473	58	17	436	2.20e-119	51
NC_031271.1	NC_047769.1	12295	12840	75.899	556	113	20	265	1.10e-67	51
NC_031271.1	NC_047769.1	43998	44363	78.706	371	43	20	215	1.12e-52	51
NC_031271.1	NC_047769.1	472	552	96.296	81	3	0	134	3.24e-28	51
NC_031271.1	NC_047769.1	33422	33535	80.870	115	20	2	89.8	7.11e-15	51
NC_031271.1	NC_047889.1	18973	23461	75.951	4549	964	105	2220	0.0	47
NC_031271.1	NC_047889.1	23454	25850	81.758	2412	417	20	1995	0.0	47
NC_031271.1	NC_047889.1	15755	18225	80.282	2485	460	26	1847	0.0	47
NC_031271.1	NC_047889.1	10269	12797	80.000	2555	463	38	1844	0.0	47
NC_031271.1	NC_047889.1	3258	6709	75.944	3496	736	87	1700	0.0	47
NC_031271.1	NC_047889.1	6707	8526	83.151	1828	292	14	1655	0.0	47
NC_031271.1	NC_047889.1	13990	15573	81.569	1606	256	26	1290	0.0	47
NC_031271.1	NC_047889.1	18587	18809	90.583	223	21	0	296	3.90e-77	47
NC_031271.1	NC_047889.1	12916	13452	76.095	548	108	22	265	1.10e-67	47
NC_031271.1	NC_047889.1	818	950	90.226	133	13	0	174	1.91e-40	47
NC_031271.1	NC_047889.1	34902	35525	72.126	635	152	21	169	8.88e-39	47
NC_031271.1	NC_047889.1	44459	44547	88.764	89	6	4	106	7.06e-20	47
NC_031271.1	NC_047889.1	34320	34422	81.731	104	17	2	86.1	9.20e-14	47
NC_031271.1	NC_047889.1	18235	18268	100.000	34	0	0	63.9	4.31e-07	47
NC_031271.1	NC_019403.1	18977	23462	75.892	4542	973	99	2209	0.0	48
NC_031271.1	NC_019403.1	15661	18357	80.837	2724	469	48	2089	0.0	48
NC_031271.1	NC_019403.1	23455	25851	81.988	2415	406	26	2023	0.0	48
NC_031271.1	NC_019403.1	10405	12934	80.102	2558	456	43	1855	0.0	48
NC_031271.1	NC_019403.1	6892	8708	83.525	1827	281	18	1688	0.0	48
NC_031271.1	NC_019403.1	3442	6895	75.800	3500	739	83	1672	0.0	48
NC_031271.1	NC_019403.1	14013	15600	80.161	1618	273	26	1166	0.0	48
NC_031271.1	NC_019403.1	18639	18873	88.983	236	24	2	291	1.82e-75	48
NC_031271.1	NC_019403.1	13169	13716	75.763	557	115	19	263	3.96e-67	48
NC_031271.1	NC_019403.1	34786	35253	75.527	474	101	12	219	8.69e-54	48
NC_031271.1	NC_019403.1	719	905	86.243	189	20	6	200	3.15e-48	48
NC_031271.1	NC_019403.1	357	590	80.833	240	32	13	176	5.31e-41	48
NC_031271.1	NC_019403.1	43684	43731	100.000	48	0	0	89.8	7.11e-15	48
NC_031271.1	NC_019403.1	34204	34246	97.674	43	1	0	75.0	1.99e-10	48
NC_031271.1	NC_019403.1	18367	18401	97.143	35	0	1	58.4	2.01e-05	48
NC_031271.1	NC_047809.1	32291	36779	75.851	4551	965	109	2193	0.0	46
NC_031271.1	NC_047809.1	23229	25757	79.703	2557	467	41	1799	0.0	46
NC_031271.1	NC_047809.1	19754	21522	84.122	1776	268	11	1705	0.0	46
NC_031271.1	NC_047809.1	28484	30139	80.781	1665	301	17	1284	0.0	46
NC_031271.1	NC_047809.1	26834	28423	80.333	1622	267	27	1181	0.0	46
NC_031271.1	NC_047809.1	36772	37775	86.255	1004	138	0	1090	0.0	46
NC_031271.1	NC_047809.1	11416	13620	75.781	2242	472	62	1066	0.0	46
NC_031271.1	NC_047809.1	40	1392	78.874	1368	266	20	904	0.0	46
NC_031271.1	NC_047809.1	30806	31611	83.086	810	130	5	730	0.0	46
NC_031271.1	NC_047809.1	14559	15601	76.284	1071	204	43	525	4.57e-146	46
NC_031271.1	NC_047809.1	31893	32127	89.831	236	22	2	302	8.39e-79	46
NC_031271.1	NC_047809.1	25992	26539	75.676	555	119	16	263	3.96e-67	46
NC_031271.1	NC_047809.1	10444	11067	72.126	635	152	21	169	8.88e-39	46
NC_031271.1	NC_047809.1	9851	9964	80.870	115	20	2	89.8	7.11e-15	46
NC_031271.1	NC_047809.1	31621	31666	91.304	46	2	2	62.1	1.55e-06	46
NC_031271.1	NC_047807.1	28218	23728	75.801	4554	967	110	2180	0.0	55
NC_031271.1	NC_047807.1	23738	21325	81.301	2428	416	22	1934	0.0	55
NC_031271.1	NC_047807.1	37280	34749	79.867	2558	467	37	1827	0.0	55
NC_031271.1	NC_047807.1	44404	40957	75.903	3490	742	83	1694	0.0	55
NC_031271.1	NC_047807.1	40954	39081	82.031	1881	324	12	1589	0.0	55
NC_031271.1	NC_047807.1	32025	30370	80.721	1665	302	17	1279	0.0	55
NC_031271.1	NC_047807.1	33675	32086	80.271	1622	268	27	1175	0.0	55
NC_031271.1	NC_047807.1	29703	28898	83.086	810	130	6	730	0.0	55
NC_031271.1	NC_047807.1	11301	9687	75.061	1644	356	46	715	0.0	55
NC_031271.1	NC_047807.1	7419	6377	76.333	1069	207	43	531	9.83e-148	55
NC_031271.1	NC_047807.1	8898	8347	79.354	557	105	10	383	2.91e-103	55
NC_031271.1	NC_047807.1	28604	28382	91.031	223	20	0	302	8.39e-79	55
NC_031271.1	NC_047807.1	34517	33970	75.676	555	119	16	263	3.96e-67	55
NC_031271.1	NC_047807.1	2880	2510	77.632	380	62	18	209	5.23e-51	55
NC_031271.1	NC_047807.1	12273	11596	71.739	690	168	24	169	8.88e-39	55
NC_031271.1	NC_047807.1	2271	2190	95.181	83	3	1	130	4.19e-27	55
NC_031271.1	NC_047807.1	3199	3106	89.474	95	4	4	115	1.17e-22	55
NC_031271.1	NC_047807.1	12866	12750	80.508	118	21	2	89.8	7.11e-15	55
NC_031271.1	NC_047807.1	28888	28843	91.304	46	2	2	62.1	1.55e-06	55
NC_031271.1	NC_007637.1	16433	19129	80.851	2726	465	51	2089	0.0	46
NC_031271.1	NC_007637.1	24486	26879	81.698	2415	410	25	1982	0.0	46
NC_031271.1	NC_007637.1	11086	13614	79.765	2555	469	38	1810	0.0	46
NC_031271.1	NC_007637.1	3739	7191	76.001	3496	738	84	1714	0.0	46
NC_031271.1	NC_007637.1	7430	9222	83.389	1800	285	14	1655	0.0	46
NC_031271.1	NC_007637.1	14918	16372	81.707	1476	233	24	1195	0.0	46
NC_031271.1	NC_007637.1	36903	38556	75.119	1684	362	50	736	0.0	46
NC_031271.1	NC_007637.1	19877	20830	80.541	961	173	13	726	0.0	46
NC_031271.1	NC_007637.1	40795	41838	76.520	1069	206	43	542	4.54e-151	46
NC_031271.1	NC_007637.1	19491	19713	90.583	223	21	0	296	3.90e-77	46
NC_031271.1	NC_007637.1	13849	14396	75.856	555	118	16	268	8.51e-69	46
NC_031271.1	NC_007637.1	790	968	86.740	181	18	6	196	4.07e-47	46
NC_031271.1	NC_007637.1	405	666	79.775	267	42	11	183	3.17e-43	46
NC_031271.1	NC_007637.1	35931	36554	72.170	636	150	23	169	8.88e-39	46
NC_031271.1	NC_007637.1	44665	44776	90.265	113	9	2	147	4.16e-32	46
NC_031271.1	NC_007637.1	44924	45001	91.026	78	6	1	104	2.54e-19	46
NC_031271.1	NC_007637.1	35338	35451	80.870	115	20	2	89.8	7.11e-15	46
NC_031271.1	NC_007637.1	19139	19172	100.000	34	0	0	63.9	4.31e-07	46
NC_031271.1	NC_047806.1	42616	40218	81.683	2413	419	19	1986	0.0	52
NC_031271.1	NC_047806.1	12138	9607	79.688	2560	468	40	1799	0.0	52
NC_031271.1	NC_047806.1	15578	13795	84.022	1790	274	9	1711	0.0	52
NC_031271.1	NC_047806.1	19324	15877	75.903	3490	742	83	1694	0.0	52
NC_031271.1	NC_047806.1	3078	4	76.535	3111	661	59	1637	0.0	52
NC_031271.1	NC_047806.1	6883	5228	80.721	1665	302	17	1279	0.0	52
NC_031271.1	NC_047806.1	8533	6944	80.271	1622	268	27	1175	0.0	52
NC_031271.1	NC_047806.1	30194	27987	75.813	2245	472	63	1072	0.0	52
NC_031271.1	NC_047806.1	4563	3758	83.086	810	130	6	730	0.0	52
NC_031271.1	NC_047806.1	27059	26016	76.399	1072	202	44	531	9.83e-148	52
NC_031271.1	NC_047806.1	3464	3242	91.031	223	20	0	302	8.39e-79	52
NC_031271.1	NC_047806.1	9375	8828	75.676	555	119	16	263	3.96e-67	52
NC_031271.1	NC_047806.1	31166	30543	72.126	635	152	21	169	8.88e-39	52
NC_031271.1	NC_047806.1	22343	22042	76.774	310	55	15	158	1.92e-35	52
NC_031271.1	NC_047806.1	22722	22632	93.478	92	3	3	134	3.24e-28	52
NC_031271.1	NC_047806.1	21771	21694	96.154	78	3	0	128	1.51e-26	52
NC_031271.1	NC_047806.1	31759	31643	80.508	118	21	2	89.8	7.11e-15	52
NC_031271.1	NC_047806.1	3748	3703	91.304	46	2	2	62.1	1.55e-06	52
NC_031271.1	NC_047858.1	11091	13623	76.839	2556	546	45	1399	0.0	17
NC_031271.1	NC_047858.1	33408	36400	74.793	3019	712	48	1314	0.0	17
NC_031271.1	NC_047858.1	7731	9526	77.439	1804	391	15	1062	0.0	17
NC_031271.1	NC_028916.1	10439	12952	76.884	2535	544	41	1397	0.0	18
NC_031271.1	NC_028916.1	33000	35463	75.798	2475	577	22	1232	0.0	18
NC_031271.1	NC_028916.1	7018	8858	76.769	1851	410	19	1018	0.0	18
NC_031271.1	NC_028916.1	23504	24492	79.477	994	194	10	697	0.0	18
NC_031271.1	NC_028916.1	44514	44573	96.667	60	1	1	99.0	1.18e-17	18
NC_031271.1	NC_027390.1	33565	36557	74.760	3015	720	40	1314	0.0	16
NC_031271.1	NC_027390.1	24069	26448	75.258	2421	524	57	1083	0.0	16
NC_031271.1	NC_027390.1	8027	9561	77.043	1542	340	13	874	0.0	16
NC_031271.1	NC_027390.1	44922	45022	90.385	104	4	6	132	1.17e-27	16
NC_031271.1	NC_047917.1	8727	9530	72.215	817	201	23	228	1.44e-56	2
NC_031271.1	NC_047917.1	26130	26264	85.185	135	20	0	139	6.96e-30	2
NC_048638.1	NC_048639.1	21742	43141	97.874	21405	448	6	37004	0.0	95
NC_048638.1	NC_048639.1	4591	21541	97.582	16958	393	10	29028	0.0	95
NC_048638.1	NC_048639.1	58861	70774	99.639	11917	37	5	21763	0.0	95
NC_048638.1	NC_048639.1	50686	57959	99.753	7275	15	3	13341	0.0	95
NC_048638.1	NC_048639.1	46913	49713	93.507	2803	178	4	4165	0.0	95
NC_048638.1	NC_048639.1	1	2104	94.772	2104	110	0	3277	0.0	95
NC_048638.1	NC_048639.1	44610	46742	93.081	2139	127	16	3116	0.0	95
NC_048638.1	NC_048639.1	43267	44614	97.033	1348	21	6	2250	0.0	95
NC_048638.1	NC_048639.1	3517	4076	92.870	561	38	2	813	0.0	95
NC_048638.1	NC_024790.1	54089	55000	72.856	921	232	16	300	4.84e-78	1
NC_048638.1	NC_015933.1	54580	55490	72.826	920	232	17	298	1.74e-77	1
NC_048638.1	NC_018854.1	54368	55279	72.530	921	235	16	283	4.87e-73	1
NC_048638.1	NC_024142.2	17868	16957	72.530	921	235	16	283	4.87e-73	1
NC_048638.1	NC_049467.1	20174	19966	79.524	210	41	2	148	1.85e-32	0
NC_048638.1	NC_001900.2	4215	4284	91.429	70	6	0	97.1	6.81e-17	0
NC_048638.1	NC_023715.1	14231	14283	94.340	53	3	0	82.4	1.91e-12	0
NC_048638.1	NC_011038.1	14308	14360	94.340	53	3	0	82.4	1.91e-12	0
NC_048638.1	NC_008694.1	14222	14274	94.340	53	3	0	82.4	1.91e-12	0
NC_048638.1	NC_026607.2	135117	135061	91.228	57	5	0	78.7	2.47e-11	0
NC_048638.1	NC_030934.1	23092	23132	100.000	41	0	0	76.8	8.87e-11	0
NC_048638.1	NC_030934.1	30936	30976	100.000	41	0	0	76.8	8.87e-11	0
NC_048638.1	NC_021772.1	55077	55168	81.522	92	17	0	76.8	8.87e-11	0
NC_047824.1	NC_023594.2	13931	26177	88.610	12283	1322	61	14861	0.0	75
NC_047824.1	NC_023594.2	28336	38065	84.749	9763	1392	75	9690	0.0	75
NC_047824.1	NC_023594.2	44532	48128	90.238	3616	312	27	4684	0.0	75
NC_047824.1	NC_023594.2	3275	13388	74.508	10262	2343	231	4205	0.0	75
NC_047824.1	NC_023594.2	48584	50092	89.848	1517	108	22	1906	0.0	75
NC_047824.1	NC_023594.2	26418	27946	83.279	1531	252	4	1406	0.0	75
NC_047824.1	NC_023594.2	38394	39327	79.259	945	170	22	636	2.52e-179	75
NC_047824.1	NC_023594.2	50347	51194	80.164	852	154	9	623	1.96e-175	75
NC_047824.1	NC_023594.2	44063	44187	84.800	125	19	0	126	6.75e-26	75
NC_028980.1	NC_007809.1	7617	39988	97.425	32388	793	30	55151	0.0	92
NC_028980.1	NC_007809.1	43676	48539	98.110	4868	85	7	8473	0.0	92
NC_028980.1	NC_007809.1	49898	54568	98.823	4671	55	0	8322	0.0	92
NC_028980.1	NC_007809.1	54606	59446	95.030	4849	225	14	7605	0.0	92
NC_028980.1	NC_007809.1	40131	42234	98.859	2104	24	0	3753	0.0	92
NC_028980.1	NC_007809.1	3698	5904	93.818	2216	120	13	3317	0.0	92
NC_028980.1	NC_007809.1	5970	7599	97.364	1631	32	4	2763	0.0	92
NC_028980.1	NC_007809.1	48710	49886	94.308	1177	67	0	1803	0.0	92
NC_028980.1	NC_007809.1	2117	3218	93.357	1129	44	8	1640	0.0	92
NC_028980.1	NC_007809.1	42260	43215	96.444	956	34	0	1578	0.0	92
NC_028980.1	NC_007809.1	882	1446	96.510	573	11	5	939	0.0	92
NC_028980.1	NC_007809.1	3259	3669	91.787	414	28	6	571	8.26e-160	92
NC_028980.1	NC_007809.1	1630	1836	98.068	207	4	0	361	1.95e-96	92
NC_028980.1	NC_018282.1	37571	53196	97.678	15635	350	10	26849	0.0	90
NC_028980.1	NC_018282.1	15304	30321	97.168	15040	386	32	25377	0.0	90
NC_028980.1	NC_018282.1	1	7642	97.697	7643	171	3	13134	0.0	90
NC_028980.1	NC_018282.1	55799	61167	97.039	5370	157	2	9034	0.0	90
NC_028980.1	NC_018282.1	7722	10356	94.449	2648	118	15	4048	0.0	90
NC_028980.1	NC_018282.1	10502	12605	98.289	2104	36	0	3687	0.0	90
NC_028980.1	NC_018282.1	35299	37505	93.685	2217	121	14	3301	0.0	90
NC_028980.1	NC_018282.1	14246	15315	96.265	1071	38	2	1755	0.0	90
NC_028980.1	NC_018282.1	12631	13604	88.265	980	85	20	1146	0.0	90
NC_028980.1	NC_018282.1	34771	35270	97.405	501	12	1	852	0.0	90
NC_028980.1	NC_018282.1	13630	14234	90.924	606	52	3	811	0.0	90
NC_028980.1	NC_018282.1	34309	34754	98.434	447	5	2	785	0.0	90
NC_028980.1	NC_018282.1	33926	34325	97.750	400	9	0	689	0.0	90
NC_028980.1	NC_018282.1	54437	55615	77.224	1203	226	35	660	0.0	90
NC_028980.1	NC_018282.1	32017	32342	98.466	326	5	0	575	6.39e-161	90
NC_028980.1	NC_018282.1	31464	31539	90.789	76	7	0	102	1.30e-18	90
NC_028980.1	NC_010116.1	37266	51639	94.420	14409	724	63	22081	0.0	89
NC_028980.1	NC_010116.1	1	7660	97.129	7662	217	3	12927	0.0	89
NC_028980.1	NC_010116.1	51801	58663	92.388	6897	461	55	9769	0.0	89
NC_028980.1	NC_010116.1	15366	18507	97.359	3143	81	2	5343	0.0	89
NC_028980.1	NC_010116.1	24656	27945	95.047	3291	161	2	5173	0.0	89
NC_028980.1	NC_010116.1	19962	22383	97.729	2422	55	0	4169	0.0	89
NC_028980.1	NC_010116.1	22370	24665	96.177	2302	82	3	3759	0.0	89
NC_028980.1	NC_010116.1	7787	10353	92.896	2576	165	6	3727	0.0	89
NC_028980.1	NC_010116.1	10486	12594	96.445	2110	73	2	3480	0.0	89
NC_028980.1	NC_010116.1	33365	35571	93.913	2218	114	14	3328	0.0	89
NC_028980.1	NC_010116.1	13613	15377	96.999	1766	52	1	2966	0.0	89
NC_028980.1	NC_010116.1	35637	37248	95.872	1623	54	5	2614	0.0	89
NC_028980.1	NC_010116.1	28004	29136	95.763	1133	48	0	1827	0.0	89
NC_028980.1	NC_010116.1	18808	19941	94.537	1135	60	2	1751	0.0	89
NC_028980.1	NC_010116.1	31612	32584	96.711	973	28	3	1616	0.0	89
NC_028980.1	NC_010116.1	12610	13586	88.199	983	86	19	1146	0.0	89
NC_028980.1	NC_010116.1	32926	33336	89.904	416	32	9	527	1.81e-146	89
NC_028980.1	NC_010116.1	32594	32829	94.068	236	14	0	359	7.00e-96	89
NC_028980.1	NC_010116.1	31096	31171	90.789	76	7	0	102	1.30e-18	89
NC_028980.1	NC_047876.1	43204	50691	77.142	7621	1455	218	4157	0.0	56
NC_028980.1	NC_047876.1	16501	19923	80.098	3457	625	50	2514	0.0	56
NC_028980.1	NC_047876.1	21297	24202	82.423	2947	442	58	2503	0.0	56
NC_028980.1	NC_047876.1	39046	42203	80.719	3226	514	82	2412	0.0	56
NC_028980.1	NC_047876.1	753	3426	81.670	2695	420	49	2172	0.0	56
NC_028980.1	NC_047876.1	3520	5743	82.871	2271	322	49	1977	0.0	56
NC_028980.1	NC_047876.1	24446	25629	88.571	1190	124	10	1434	0.0	56
NC_028980.1	NC_047876.1	35868	37315	84.674	1455	197	20	1428	0.0	56
NC_028980.1	NC_047876.1	37451	38885	81.220	1443	252	13	1146	0.0	56
NC_028980.1	NC_047876.1	11788	13139	80.862	1369	231	25	1048	0.0	56
NC_028980.1	NC_047876.1	32463	33047	97.104	587	15	1	989	0.0	56
NC_028980.1	NC_047876.1	14843	15400	94.444	558	31	0	859	0.0	56
NC_028980.1	NC_047876.1	15505	16500	79.980	1004	176	24	717	0.0	56
NC_028980.1	NC_047876.1	9746	10541	82.125	800	135	8	678	0.0	56
NC_028980.1	NC_047876.1	10845	11560	81.881	723	108	20	588	8.20e-165	56
NC_028980.1	NC_047876.1	20140	21286	75.129	1162	259	28	518	1.09e-143	56
NC_028980.1	NC_047876.1	28893	29251	90.000	360	23	6	453	3.12e-124	56
NC_028980.1	NC_047876.1	13252	13785	81.716	536	94	3	444	1.88e-121	56
NC_028980.1	NC_047876.1	9328	9677	84.225	355	43	12	333	4.24e-88	56
NC_028980.1	NC_047876.1	14212	14810	77.295	621	100	24	327	1.97e-86	56
NC_028980.1	NC_047876.1	33054	33295	89.669	242	25	0	309	7.15e-81	56
NC_028980.1	NC_047876.1	13801	14050	87.200	250	32	0	285	1.21e-73	56
NC_028980.1	NC_047876.1	29293	29584	84.068	295	41	4	279	5.61e-72	56
NC_028980.1	NC_047876.1	35296	35643	74.221	353	81	8	139	9.93e-30	56
NC_028980.1	NC_047877.1	45470	52957	77.103	7621	1458	217	4143	0.0	54
NC_028980.1	NC_047877.1	16392	19815	80.654	3458	606	51	2621	0.0	54
NC_028980.1	NC_047877.1	21188	24093	82.439	2944	447	54	2510	0.0	54
NC_028980.1	NC_047877.1	768	3441	81.549	2699	416	58	2150	0.0	54
NC_028980.1	NC_047877.1	3535	5758	82.746	2272	323	51	1960	0.0	54
NC_028980.1	NC_047877.1	37566	38914	86.538	1352	176	6	1485	0.0	54
NC_028980.1	NC_047877.1	41348	43314	80.511	1996	336	46	1483	0.0	54
NC_028980.1	NC_047877.1	24337	25520	88.908	1190	120	10	1456	0.0	54
NC_028980.1	NC_047877.1	39047	40481	81.332	1441	254	9	1157	0.0	54
NC_028980.1	NC_047877.1	11694	13045	81.172	1365	234	20	1075	0.0	54
NC_028980.1	NC_047877.1	43373	44469	83.423	1110	157	25	1005	0.0	54
NC_028980.1	NC_047877.1	14734	15291	93.548	558	36	0	832	0.0	54
NC_028980.1	NC_047877.1	15396	16391	79.781	1004	178	24	706	0.0	54
NC_028980.1	NC_047877.1	9652	10447	82.522	801	130	10	695	0.0	54
NC_028980.1	NC_047877.1	10751	11466	82.271	722	107	19	604	8.15e-170	54
NC_028980.1	NC_047877.1	20031	21177	75.022	1161	262	27	514	1.41e-142	54
NC_028980.1	NC_047877.1	14118	14701	81.683	606	85	14	483	3.98e-133	54
NC_028980.1	NC_047877.1	13158	13691	81.530	536	95	3	440	2.43e-120	54
NC_028980.1	NC_047877.1	9234	9583	85.070	355	40	12	350	4.21e-93	54
NC_028980.1	NC_047877.1	13707	13956	86.800	250	33	0	279	5.61e-72	54
NC_028980.1	NC_047877.1	35681	35799	87.395	119	15	0	137	3.57e-29	54
NC_028980.1	NC_047877.1	36892	37239	73.654	353	83	8	130	5.98e-27	54
NC_028980.1	NC_047878.1	43698	50234	77.588	6657	1231	195	3786	0.0	51
NC_028980.1	NC_047878.1	16393	19815	80.017	3458	626	52	2497	0.0	51
NC_028980.1	NC_047878.1	21189	24094	82.139	2945	454	56	2459	0.0	51
NC_028980.1	NC_047878.1	39540	42697	80.341	3225	528	83	2346	0.0	51
NC_028980.1	NC_047878.1	691	3364	81.727	2698	413	55	2178	0.0	51
NC_028980.1	NC_047878.1	3458	5681	82.871	2271	322	49	1977	0.0	51
NC_028980.1	NC_047878.1	24312	25516	90.198	1214	100	16	1565	0.0	51
NC_028980.1	NC_047878.1	36362	37812	85.479	1460	182	24	1495	0.0	51
NC_028980.1	NC_047878.1	37945	39380	81.025	1444	255	14	1131	0.0	51
NC_028980.1	NC_047878.1	11695	13046	80.688	1367	237	21	1037	0.0	51
NC_028980.1	NC_047878.1	14735	15292	93.907	558	34	0	843	0.0	51
NC_028980.1	NC_047878.1	15397	16392	80.000	1005	174	26	717	0.0	51
NC_028980.1	NC_047878.1	9653	10448	81.875	800	137	8	667	0.0	51
NC_028980.1	NC_047878.1	10752	11467	81.994	722	109	19	593	1.76e-166	51
NC_028980.1	NC_047878.1	14119	14702	82.645	605	81	12	514	1.41e-142	51
NC_028980.1	NC_047878.1	13159	13692	81.530	536	95	3	438	8.74e-120	51
NC_028980.1	NC_047878.1	9235	9584	84.507	355	42	12	339	9.12e-90	51
NC_028980.1	NC_047878.1	33045	33428	81.039	385	61	9	296	5.57e-77	51
NC_028980.1	NC_047878.1	13708	13957	86.800	250	33	0	279	5.61e-72	51
NC_028980.1	NC_047878.1	35790	36137	74.221	353	81	8	139	9.93e-30	51
NC_028980.1	NC_028770.1	1456	2775	75.224	1340	295	35	601	1.05e-168	7
NC_028980.1	NC_028770.1	43414	45286	71.199	1927	471	69	407	2.47e-110	7
NC_028980.1	NC_028770.1	31406	31992	73.399	609	124	31	193	7.52e-46	7
NC_028980.1	NC_028770.1	46805	47112	73.438	320	67	14	104	3.62e-19	7
NC_028980.1	NC_028770.1	37470	37594	80.620	129	17	5	93.5	7.84e-16	7
NC_028980.1	NC_052965.1	39514	40412	75.623	923	188	31	424	2.45e-115	5
NC_028980.1	NC_052965.1	15098	16815	70.926	1761	450	50	363	5.41e-97	5
NC_028980.1	NC_052965.1	3111	3682	73.480	592	120	30	193	7.52e-46	5
NC_028980.1	NC_042115.1	40475	41373	75.190	923	192	30	401	1.15e-108	5
NC_028980.1	NC_042115.1	15252	16966	70.845	1763	442	56	342	7.05e-91	5
NC_028980.1	NC_042115.1	3567	3819	81.008	258	39	8	196	5.81e-47	5
NC_028980.1	NC_028809.1	27055	27140	85.057	87	11	2	87.9	3.65e-14	0
NC_041934.1	NC_007809.1	7617	29026	96.947	21420	638	11	35918	0.0	94
NC_041934.1	NC_007809.1	40131	54568	99.010	14442	136	5	25870	0.0	94
NC_041934.1	NC_007809.1	29027	40119	98.116	11094	206	3	19326	0.0	94
NC_041934.1	NC_007809.1	3134	7599	98.165	4469	74	8	7792	0.0	94
NC_041934.1	NC_007809.1	54568	59446	93.684	4892	285	17	7300	0.0	94
NC_041934.1	NC_007809.1	883	1446	96.859	573	7	7	948	0.0	94
NC_041934.1	NC_007809.1	1	426	95.082	427	20	1	671	0.0	94
NC_041934.1	NC_007809.1	2446	2893	91.778	450	32	5	621	8.04e-175	94
NC_041934.1	NC_007809.1	1630	1836	98.068	207	4	0	361	1.94e-96	94
NC_041934.1	NC_007809.1	29644	29677	97.059	34	0	1	56.5	1.02e-04	94
NC_041934.1	NC_018282.1	34861	53204	96.590	18388	565	41	30426	0.0	91
NC_041934.1	NC_018282.1	20423	30955	96.267	10554	358	30	17274	0.0	91
NC_041934.1	NC_018282.1	1	7642	97.828	7642	162	2	13189	0.0	91
NC_041934.1	NC_018282.1	55799	61167	96.760	5370	172	2	8951	0.0	91
NC_041934.1	NC_018282.1	15304	18760	98.669	3457	46	0	6130	0.0	91
NC_041934.1	NC_018282.1	10502	13713	95.435	3220	114	21	5101	0.0	91
NC_041934.1	NC_018282.1	7722	10442	93.672	2734	144	15	4063	0.0	91
NC_041934.1	NC_018282.1	18740	19916	96.517	1177	41	0	1947	0.0	91
NC_041934.1	NC_018282.1	14246	15309	98.214	1064	18	1	1858	0.0	91
NC_041934.1	NC_018282.1	33926	34721	97.487	796	20	0	1360	0.0	91
NC_041934.1	NC_018282.1	54437	55615	76.885	1207	223	41	632	3.72e-178	91
NC_041934.1	NC_018282.1	32017	32342	100.000	326	0	0	603	2.91e-169	91
NC_041934.1	NC_018282.1	14068	14234	86.310	168	21	2	182	1.62e-42	91
NC_041934.1	NC_018282.1	34779	34863	95.294	85	4	0	135	1.28e-28	91
NC_041934.1	NC_018282.1	31453	31539	93.103	87	6	0	128	2.14e-26	91
NC_041934.1	NC_018282.1	618	651	97.059	34	0	1	56.5	1.02e-04	91
NC_041934.1	NC_010116.1	37266	51639	95.469	14411	582	54	22929	0.0	91
NC_041934.1	NC_010116.1	1	7660	97.233	7661	210	2	12971	0.0	91
NC_041934.1	NC_010116.1	51801	58663	92.185	6897	475	56	9692	0.0	91
NC_041934.1	NC_010116.1	32892	37248	96.781	4380	111	15	7280	0.0	91
NC_041934.1	NC_010116.1	18787	22383	95.748	3598	151	2	5795	0.0	91
NC_041934.1	NC_010116.1	15366	18507	97.582	3143	74	2	5382	0.0	91
NC_041934.1	NC_010116.1	24656	27945	94.078	3293	191	3	4998	0.0	91
NC_041934.1	NC_010116.1	10499	13604	93.862	3128	146	25	4671	0.0	91
NC_041934.1	NC_010116.1	7787	10487	92.989	2710	172	6	3936	0.0	91
NC_041934.1	NC_010116.1	22370	24665	96.699	2302	70	4	3825	0.0	91
NC_041934.1	NC_010116.1	28004	29802	97.111	1800	50	2	3035	0.0	91
NC_041934.1	NC_010116.1	14021	15371	97.781	1352	28	2	2329	0.0	91
NC_041934.1	NC_010116.1	31612	32584	97.431	973	21	3	1655	0.0	91
NC_041934.1	NC_010116.1	29800	30611	95.813	812	34	0	1312	0.0	91
NC_041934.1	NC_010116.1	32594	32796	96.552	203	7	0	337	3.26e-89	91
NC_041934.1	NC_010116.1	31085	31171	93.103	87	6	0	128	2.14e-26	91
NC_041934.1	NC_010116.1	624	651	100.000	28	0	0	52.8	0.001	91
NC_041934.1	NC_047876.1	43204	50690	77.244	7620	1447	224	4200	0.0	59
NC_041934.1	NC_047876.1	20140	24202	80.122	4115	714	87	2972	0.0	59
NC_041934.1	NC_047876.1	35868	38885	82.806	3036	467	41	2663	0.0	59
NC_041934.1	NC_047876.1	16501	19921	80.353	3456	614	51	2560	0.0	59
NC_041934.1	NC_047876.1	39046	42203	80.532	3231	510	90	2372	0.0	59
NC_041934.1	NC_047876.1	753	3426	81.626	2694	423	47	2167	0.0	59
NC_041934.1	NC_047876.1	3520	5743	82.886	2273	317	53	1977	0.0	59
NC_041934.1	NC_047876.1	24446	25629	88.982	1189	121	8	1461	0.0	59
NC_041934.1	NC_047876.1	11788	13139	80.862	1369	231	25	1048	0.0	59
NC_041934.1	NC_047876.1	32463	33047	96.763	587	17	1	977	0.0	59
NC_041934.1	NC_047876.1	15505	16500	79.940	1002	180	20	717	0.0	59
NC_041934.1	NC_047876.1	10845	11683	82.235	850	120	27	704	0.0	59
NC_041934.1	NC_047876.1	9746	10559	82.029	818	139	8	689	0.0	59
NC_041934.1	NC_047876.1	13252	14050	82.108	816	127	10	680	0.0	59
NC_041934.1	NC_047876.1	29582	29975	90.932	397	30	6	529	5.01e-147	59
NC_041934.1	NC_047876.1	28893	29283	90.306	392	25	6	501	1.09e-138	59
NC_041934.1	NC_047876.1	33054	33701	80.182	661	105	22	472	8.57e-130	59
NC_041934.1	NC_047876.1	14212	14832	78.227	643	99	24	374	2.49e-100	59
NC_041934.1	NC_047876.1	9328	9677	84.225	355	43	12	333	4.22e-88	59
NC_041934.1	NC_047876.1	29293	29584	84.797	296	37	6	291	2.58e-75	59
NC_041934.1	NC_047876.1	25993	27183	71.475	1234	275	55	257	2.61e-65	59
NC_041934.1	NC_047876.1	15247	15400	88.961	154	16	1	189	9.67e-45	59
NC_041934.1	NC_047877.1	45470	52956	77.207	7625	1441	224	4180	0.0	53
NC_041934.1	NC_047877.1	20031	24093	80.058	4112	722	83	2966	0.0	53
NC_041934.1	NC_047877.1	37566	40481	83.777	2928	444	23	2748	0.0	53
NC_041934.1	NC_047877.1	16392	19812	80.845	3456	597	52	2654	0.0	53
NC_041934.1	NC_047877.1	768	3441	81.505	2698	419	55	2145	0.0	53
NC_041934.1	NC_047877.1	3535	5758	82.718	2274	319	55	1954	0.0	53
NC_041934.1	NC_047877.1	41348	43314	80.602	1995	336	46	1495	0.0	53
NC_041934.1	NC_047877.1	24337	25520	89.319	1189	117	8	1483	0.0	53
NC_041934.1	NC_047877.1	11694	13045	81.172	1365	234	20	1075	0.0	53
NC_041934.1	NC_047877.1	43373	44469	83.288	1113	152	30	994	0.0	53
NC_041934.1	NC_047877.1	15396	16391	79.840	1002	181	20	712	0.0	53
NC_041934.1	NC_047877.1	10751	11589	82.332	849	121	26	710	0.0	53
NC_041934.1	NC_047877.1	9652	10465	81.929	819	138	10	684	0.0	53
NC_041934.1	NC_047877.1	13158	13956	81.863	816	129	10	671	0.0	53
NC_041934.1	NC_047877.1	14118	14723	82.325	628	85	14	523	2.33e-145	53
NC_041934.1	NC_047877.1	9234	9583	85.070	355	40	12	350	4.19e-93	53
NC_041934.1	NC_047878.1	43698	50234	77.786	6658	1216	199	3858	0.0	53
NC_041934.1	NC_047878.1	20032	24094	79.893	4113	727	85	2922	0.0	53
NC_041934.1	NC_047878.1	36362	39380	83.081	3038	457	44	2710	0.0	53
NC_041934.1	NC_047878.1	16393	19813	80.272	3457	615	53	2543	0.0	53
NC_041934.1	NC_047878.1	39540	42697	80.248	3230	521	91	2322	0.0	53
NC_041934.1	NC_047878.1	691	3364	81.609	2697	418	53	2161	0.0	53
NC_041934.1	NC_047878.1	3458	5681	82.886	2273	317	53	1977	0.0	53
NC_041934.1	NC_047878.1	24316	25516	90.315	1208	102	13	1568	0.0	53
NC_041934.1	NC_047878.1	11695	13046	80.688	1367	237	21	1037	0.0	53
NC_041934.1	NC_047878.1	15397	16392	79.960	1003	178	22	717	0.0	53
NC_041934.1	NC_047878.1	10752	11590	82.332	849	121	26	710	0.0	53
NC_041934.1	NC_047878.1	9653	10466	81.785	818	141	8	678	0.0	53
NC_041934.1	NC_047878.1	13159	13957	81.863	816	129	10	669	0.0	53
NC_041934.1	NC_047878.1	14119	14724	84.211	627	75	12	588	8.16e-165	53
NC_041934.1	NC_047878.1	33045	33876	76.128	842	171	24	414	1.46e-112	53
NC_041934.1	NC_047878.1	9235	9584	84.507	355	42	12	339	9.07e-90	53
NC_041934.1	NC_047878.1	15144	15292	88.591	149	17	0	182	1.62e-42	53
NC_041934.1	NC_028770.1	1472	2796	75.652	1343	292	33	636	2.87e-179	6
NC_041934.1	NC_028770.1	43414	44799	72.472	1424	342	40	412	5.27e-112	6
NC_041934.1	NC_028770.1	31406	31992	73.476	607	127	30	198	1.61e-47	6
NC_041934.1	NC_028770.1	46805	47112	73.270	318	71	10	104	3.60e-19	6
NC_041934.1	NC_028770.1	37470	37594	80.620	129	17	5	93.5	7.80e-16	6
NC_041934.1	NC_028809.1	16382	17312	76.739	963	163	40	481	1.42e-132	3
NC_041934.1	NC_028809.1	25811	26348	71.480	554	127	23	119	1.29e-23	3
NC_041934.1	NC_028809.1	27055	27140	87.356	87	9	2	99.0	1.68e-17	3
NC_041934.1	NC_028809.1	1382	1655	72.982	285	61	10	86.1	1.30e-13	3
NC_041934.1	NC_052965.1	39514	40408	75.573	917	192	27	424	2.43e-115	5
NC_041934.1	NC_052965.1	15098	16482	71.449	1422	359	35	333	4.22e-88	5
NC_041934.1	NC_052965.1	3111	3684	73.401	594	121	30	191	2.69e-45	5
NC_041934.1	NC_042115.1	40475	41369	74.783	920	194	32	379	5.34e-102	4
NC_041934.1	NC_042115.1	15252	16633	71.439	1418	360	36	333	4.22e-88	4
NC_041934.1	NC_042115.1	3567	3821	81.154	260	39	8	200	4.47e-48	4
NC_041934.1	NC_041856.1	26540	26567	100.000	28	0	0	52.8	0.001	0
NC_048805.1	NC_048670.1	37903	13272	92.950	24654	1691	37	35855	0.0	89
NC_048805.1	NC_048670.1	13269	5161	96.005	8111	301	6	13162	0.0	89
NC_048805.1	NC_048670.1	56706	53887	96.241	2820	104	2	4619	0.0	89
NC_048805.1	NC_048670.1	44266	41735	90.394	2540	228	13	3325	0.0	89
NC_048805.1	NC_048670.1	47534	45385	91.044	2155	171	17	2891	0.0	89
NC_048805.1	NC_048670.1	1509	1	87.615	1518	168	15	1744	0.0	89
NC_048805.1	NC_048670.1	57530	56702	93.848	829	51	0	1249	0.0	89
NC_048805.1	NC_048670.1	52383	51678	96.176	706	27	0	1155	0.0	89
NC_048805.1	NC_048670.1	3405	2363	86.520	1046	132	8	1142	0.0	89
NC_048805.1	NC_048670.1	59100	58485	96.916	616	19	0	1033	0.0	89
NC_048805.1	NC_048670.1	50844	50039	89.356	808	75	11	1005	0.0	89
NC_048805.1	NC_048670.1	53279	52690	95.254	590	28	0	935	0.0	89
NC_048805.1	NC_048670.1	58236	57674	95.204	563	26	1	889	0.0	89
NC_048805.1	NC_048670.1	53890	53384	93.110	508	33	2	743	0.0	89
NC_048805.1	NC_048670.1	2367	1767	87.603	605	71	3	699	0.0	89
NC_048805.1	NC_048670.1	5176	4651	87.689	528	61	4	612	4.53e-172	89
NC_048805.1	NC_048670.1	4650	4070	85.403	596	70	11	603	2.72e-169	89
NC_048805.1	NC_048670.1	49940	49554	94.315	387	22	0	593	1.64e-166	89
NC_048805.1	NC_048670.1	48703	48347	92.437	357	27	0	510	1.70e-141	89
NC_048805.1	NC_048670.1	45386	45085	95.050	303	14	1	475	6.20e-131	89
NC_048805.1	NC_048670.1	44809	44401	86.341	410	54	2	446	4.86e-122	89
NC_048805.1	NC_048670.1	51452	51182	92.620	271	20	0	390	2.31e-105	89
NC_048805.1	NC_048670.1	49439	49111	86.667	330	24	4	348	1.41e-92	89
NC_048805.1	NC_048670.1	3997	3714	86.411	287	33	6	309	6.65e-81	89
NC_048805.1	NC_048670.1	48941	48819	91.057	123	11	0	167	4.23e-38	89
NC_048805.1	NC_048670.1	2157	2034	88.636	132	7	7	154	3.30e-34	89
NC_048805.1	NC_048670.1	475	372	85.714	105	13	2	110	7.24e-21	89
NC_048805.1	NC_048670.1	1765	1666	86.000	100	14	0	108	2.60e-20	89
NC_048805.1	NC_048732.1	23151	8982	94.223	14178	761	17	21592	0.0	88
NC_048805.1	NC_048732.1	31298	23258	88.131	8063	916	34	9550	0.0	88
NC_048805.1	NC_048732.1	8969	3974	95.659	4999	198	11	8011	0.0	88
NC_048805.1	NC_048732.1	36414	31361	85.680	5063	705	16	5315	0.0	88
NC_048805.1	NC_048732.1	51425	48605	95.535	2822	121	3	4508	0.0	88
NC_048805.1	NC_048732.1	53823	51417	92.574	2424	162	8	3463	0.0	88
NC_048805.1	NC_048732.1	41651	39543	93.697	2110	131	2	3158	0.0	88
NC_048805.1	NC_048732.1	44181	42176	92.135	2009	134	12	2813	0.0	88
NC_048805.1	NC_048732.1	39539	37952	96.159	1588	61	0	2595	0.0	88
NC_048805.1	NC_048732.1	45972	44667	90.749	1308	111	10	1736	0.0	88
NC_048805.1	NC_048732.1	54900	53855	89.895	1049	76	10	1323	0.0	88
NC_048805.1	NC_048732.1	57614	56561	87.109	1055	132	4	1192	0.0	88
NC_048805.1	NC_048732.1	46869	46164	96.317	706	26	0	1160	0.0	88
NC_048805.1	NC_048732.1	37390	36542	89.412	850	88	2	1070	0.0	88
NC_048805.1	NC_048732.1	48608	47694	85.376	930	106	21	937	0.0	88
NC_048805.1	NC_048732.1	55766	55150	92.220	617	48	0	874	0.0	88
NC_048805.1	NC_048732.1	56558	55768	86.308	818	83	11	863	0.0	88
NC_048805.1	NC_048732.1	1916	1462	79.039	458	90	5	309	6.65e-81	88
NC_048805.1	NC_048732.1	47501	47279	90.179	224	20	2	291	2.41e-75	88
NC_048805.1	NC_048732.1	192	13	91.111	180	16	0	244	1.90e-61	88
NC_048805.1	NC_048648.1	6306	69	76.643	6345	1267	172	3308	0.0	18
NC_048805.1	NC_048648.1	59132	55252	73.919	3976	881	118	1454	0.0	18
NC_048805.1	NC_048648.1	48884	48703	73.224	183	44	3	62.1	2.06e-06	18
NC_048805.1	NC_019417.1	44392	50630	76.549	6341	1281	164	3282	0.0	11
NC_048805.1	NC_048683.1	14257	8019	76.540	6347	1271	171	3271	0.0	11
NC_048805.1	NC_048727.1	15247	9009	76.498	6340	1286	162	3265	0.0	19
NC_048805.1	NC_048727.1	8991	4941	74.018	4149	916	119	1541	0.0	19
NC_048805.1	NC_048727.1	2040	1440	77.888	606	124	10	368	1.08e-98	19
NC_048805.1	NC_021779.1	15176	8938	76.483	6340	1287	163	3260	0.0	21
NC_048805.1	NC_021779.1	8920	4870	74.530	4146	900	115	1663	0.0	21
NC_048805.1	NC_021779.1	18234	16651	78.688	1600	298	31	1026	0.0	21
NC_048805.1	NC_048655.1	14844	8606	76.493	6347	1274	171	3254	0.0	11
NC_048805.1	NC_048655.1	56425	56382	90.909	44	4	0	60.2	7.39e-06	11
NC_048805.1	NC_031930.1	15260	9023	76.462	6343	1282	167	3247	0.0	12
NC_048805.1	NC_031930.1	3407	2640	71.739	782	194	23	195	1.94e-46	12
NC_048805.1	NC_052991.1	39964	46202	76.412	6338	1295	159	3238	0.0	18
NC_048805.1	NC_052991.1	46220	50270	74.176	4155	899	130	1568	0.0	18
NC_048805.1	NC_048632.1	11244	5014	76.369	6339	1288	169	3214	0.0	18
NC_048805.1	NC_048632.1	4996	949	74.560	4147	894	121	1664	0.0	18
NC_048805.1	NC_029045.1	15155	8926	76.204	6333	1308	160	3162	0.0	19
NC_048805.1	NC_029045.1	8908	4863	74.282	4145	907	119	1602	0.0	19
NC_048805.1	NC_029045.1	3148	2636	73.654	520	123	11	189	9.04e-45	19
NC_048805.1	NC_021315.1	36430	30192	76.178	6343	1301	168	3149	0.0	18
NC_048805.1	NC_021315.1	30174	26121	73.782	4146	934	111	1493	0.0	18
NC_048805.1	NC_049845.1	37541	36019	80.195	1535	280	17	1129	0.0	3
NC_048805.1	NC_053010.1	13082	10851	74.021	2248	540	34	876	0.0	4
NC_048805.1	NC_018832.1	43025	41190	75.149	1847	425	27	837	0.0	3
NC_048805.1	NC_047900.1	37465	35983	75.100	1494	344	22	673	0.0	3
NC_048805.1	NC_049462.1	37426	35944	75.000	1496	342	25	662	0.0	3
NC_028959.1	NC_009231.1	32589	55799	99.479	23213	110	8	42185	0.0	89
NC_028959.1	NC_009231.1	32	17480	99.691	17451	50	4	31924	0.0	89
NC_028959.1	NC_009231.1	18159	21610	97.457	3460	75	10	5890	0.0	89
NC_028959.1	NC_009231.1	55800	56538	100.000	739	0	0	1365	0.0	89
NC_028959.1	NC_009231.1	28099	28928	88.327	831	95	2	996	0.0	89
NC_028959.1	NC_009231.1	26381	26919	88.192	542	60	4	643	0.0	89
NC_028959.1	NC_009231.1	26129	26385	86.154	260	31	5	276	6.10e-71	89
NC_028959.1	NC_009231.1	24141	24395	83.594	256	40	2	239	8.00e-60	89
NC_028959.1	NC_009231.1	23958	24126	88.953	172	13	5	207	2.26e-50	89
NC_028959.1	NC_009231.1	24831	25030	79.412	204	36	4	139	8.35e-30	89
NC_028959.1	NC_009231.1	47399	47466	86.765	68	9	0	76.8	6.64e-11	89
NC_028959.1	NC_009231.1	48553	48620	86.765	68	9	0	76.8	6.64e-11	89
NC_028959.1	NC_009231.1	1	31	100.000	31	0	0	58.4	2.40e-05	89
NC_028959.1	NC_028883.1	1	21241	98.823	21249	235	15	37840	0.0	73
NC_028959.1	NC_028883.1	27291	32831	99.153	5547	40	6	9976	0.0	73
NC_028959.1	NC_028883.1	42089	44461	99.074	2376	15	7	4259	0.0	73
NC_028959.1	NC_028883.1	23816	27003	89.083	3206	294	47	3930	0.0	73
NC_028959.1	NC_028883.1	21227	23001	94.681	1786	72	19	2750	0.0	73
NC_028959.1	NC_028883.1	37165	38789	90.904	1627	136	8	2174	0.0	73
NC_028959.1	NC_028883.1	34806	35524	99.583	719	3	0	1312	0.0	73
NC_028959.1	NC_028883.1	35652	36614	87.423	978	97	22	1101	0.0	73
NC_028959.1	NC_028883.1	39439	40035	91.681	601	42	7	826	0.0	73
NC_028959.1	NC_028883.1	33984	34404	81.412	425	72	7	340	2.13e-90	73
NC_028959.1	NC_028883.1	39182	39226	95.556	45	2	0	73.1	8.59e-10	73
NC_028959.1	NC_028883.1	35606	35655	90.385	52	2	3	65.8	1.44e-07	73
NC_028959.1	NC_048642.1	30538	39590	98.642	9055	115	6	16033	0.0	38
NC_028959.1	NC_048642.1	22171	25553	99.202	3383	24	3	6095	0.0	38
NC_028959.1	NC_048642.1	43027	45480	92.684	2474	139	36	3528	0.0	38
NC_028959.1	NC_048642.1	46391	47870	93.935	1484	82	8	2235	0.0	38
NC_028959.1	NC_048642.1	47922	48933	92.232	1017	45	17	1410	0.0	38
NC_028959.1	NC_048642.1	42068	42838	94.337	777	32	8	1181	0.0	38
NC_028959.1	NC_048642.1	1	639	92.000	650	39	6	900	0.0	38
NC_028959.1	NC_048642.1	26426	26877	88.496	452	52	0	547	1.17e-152	38
NC_028959.1	NC_048642.1	26019	26303	91.958	286	22	1	399	3.47e-108	38
NC_028959.1	NC_048642.1	39718	40122	75.121	414	81	21	174	2.29e-40	38
NC_028959.1	NC_048642.1	39672	39721	90.385	52	2	3	65.8	1.44e-07	38
NC_028959.1	NC_048643.1	38146	46855	99.047	8710	81	2	15623	0.0	41
NC_028959.1	NC_048643.1	29224	37523	99.783	8301	17	1	15228	0.0	41
NC_028959.1	NC_048643.1	25376	28758	99.202	3383	24	3	6095	0.0	41
NC_028959.1	NC_048643.1	49474	49705	88.333	240	14	7	276	6.10e-71	41
NC_028959.1	NC_048643.1	20035	20394	78.747	367	65	12	233	3.72e-58	41
NC_028959.1	NC_048643.1	47639	47754	89.655	116	12	0	148	1.39e-32	41
NC_028959.1	NC_048643.1	47010	47095	89.655	87	6	3	108	2.35e-20	41
NC_028959.1	NC_048643.1	44384	44451	86.765	68	9	0	76.8	6.64e-11	41
NC_028959.1	NC_048643.1	45537	45604	86.765	68	9	0	76.8	6.64e-11	41
NC_028959.1	NC_024144.1	5315	11970	95.573	6663	275	17	10652	0.0	53
NC_028959.1	NC_024144.1	1	4376	97.766	4386	87	4	7546	0.0	53
NC_028959.1	NC_024144.1	45198	47671	94.487	2485	120	14	3814	0.0	53
NC_028959.1	NC_024144.1	19306	22367	88.939	3083	305	30	3771	0.0	53
NC_028959.1	NC_024144.1	16461	18630	86.451	2192	267	18	2375	0.0	53
NC_028959.1	NC_024144.1	28409	29868	94.604	1464	61	15	2250	0.0	53
NC_028959.1	NC_024144.1	41091	42383	95.444	1295	38	4	2045	0.0	53
NC_028959.1	NC_024144.1	50207	51211	94.362	1011	41	15	1537	0.0	53
NC_028959.1	NC_024144.1	14454	15671	87.469	1229	131	20	1395	0.0	53
NC_028959.1	NC_024144.1	48515	49478	92.585	971	61	9	1384	0.0	53
NC_028959.1	NC_024144.1	39864	40540	95.870	678	25	3	1094	0.0	53
NC_028959.1	NC_024144.1	25303	26133	90.276	833	78	3	1086	0.0	53
NC_028959.1	NC_024144.1	37256	37930	85.944	683	68	21	704	0.0	53
NC_028959.1	NC_024144.1	38758	39022	93.962	265	16	0	401	9.64e-109	53
NC_028959.1	NC_024144.1	42878	43131	89.453	256	24	3	320	2.78e-84	53
NC_028959.1	NC_024144.1	42370	42607	89.916	238	15	7	298	1.30e-77	53
NC_028959.1	NC_024144.1	39468	39651	86.957	184	24	0	207	2.26e-50	53
NC_028959.1	NC_024144.1	44380	44458	96.203	79	3	0	130	5.02e-27	53
NC_028959.1	NC_024144.1	32261	32326	89.855	69	4	3	86.1	1.10e-13	53
NC_028959.1	NC_024144.1	37901	37960	87.302	63	4	4	69.4	1.11e-08	53
NC_028959.1	NC_024144.1	36471	36535	83.824	68	8	2	62.1	1.86e-06	53
NC_028959.1	NC_024144.1	37905	37946	92.857	42	3	0	62.1	1.86e-06	53
NC_028959.1	NC_011398.1	43837	46725	96.376	2897	94	6	4758	0.0	29
NC_028959.1	NC_011398.1	41751	43838	93.010	2103	119	23	3044	0.0	29
NC_028959.1	NC_011398.1	24896	26859	88.889	1980	188	23	2409	0.0	29
NC_028959.1	NC_011398.1	31851	33163	96.581	1316	39	6	2176	0.0	29
NC_028959.1	NC_011398.1	40386	41562	97.201	1179	31	1	1993	0.0	29
NC_028959.1	NC_011398.1	38064	39893	86.194	1847	215	35	1962	0.0	29
NC_028959.1	NC_011398.1	26839	28190	92.387	1353	100	3	1925	0.0	29
NC_028959.1	NC_011398.1	37012	37874	94.792	864	40	4	1341	0.0	29
NC_028959.1	NC_011398.1	7	692	91.691	698	43	8	953	0.0	29
NC_028959.1	NC_011398.1	22416	22812	96.222	397	15	0	651	0.0	29
NC_028959.1	NC_011398.1	49838	50094	90.385	260	19	5	337	2.76e-89	29
NC_028959.1	NC_011398.1	46777	46931	81.481	162	17	10	121	3.02e-24	29
NC_028959.1	NC_011398.1	42951	43018	86.765	68	9	0	76.8	6.64e-11	29
NC_028959.1	NC_007917.1	36828	39748	95.738	2933	105	18	4706	0.0	28
NC_028959.1	NC_007917.1	48680	51440	95.934	2779	81	27	4477	0.0	28
NC_028959.1	NC_007917.1	41528	44349	94.611	2839	130	18	4373	0.0	28
NC_028959.1	NC_007917.1	28132	29455	95.252	1327	56	6	2095	0.0	28
NC_028959.1	NC_007917.1	22759	23950	81.301	1214	185	32	946	0.0	28
NC_028959.1	NC_007917.1	34453	35095	92.890	647	40	6	935	0.0	28
NC_028959.1	NC_007917.1	24186	24734	87.114	551	69	2	623	1.89e-175	28
NC_028959.1	NC_007917.1	45207	45614	87.317	410	48	3	466	3.37e-128	28
NC_028959.1	NC_007917.1	47541	47950	86.893	412	49	5	457	2.03e-125	28
NC_028959.1	NC_007917.1	35066	35340	96.000	275	10	1	446	4.39e-122	28
NC_028959.1	NC_007917.1	35723	35967	97.154	246	6	1	414	1.24e-112	28
NC_028959.1	NC_007917.1	40019	40275	87.259	259	24	5	287	2.82e-74	28
NC_028959.1	NC_007917.1	23936	24190	84.942	259	34	4	257	2.21e-65	28
NC_028959.1	NC_007917.1	36413	36594	89.560	182	18	1	230	4.81e-57	28
NC_028959.1	NC_007917.1	16207	16339	96.241	133	5	0	219	1.04e-53	28
NC_028959.1	NC_007917.1	15910	15992	98.795	83	1	0	148	1.39e-32	28
NC_028959.1	NC_007917.1	46073	46158	92.135	89	2	5	121	3.02e-24	28
NC_028959.1	NC_007917.1	43044	43111	86.765	68	9	0	76.8	6.64e-11	28
NC_028959.1	NC_007917.1	53017	53082	87.143	70	4	5	75.0	2.39e-10	28
NC_028959.1	NC_007917.1	41892	41958	85.294	68	9	1	69.4	1.11e-08	28
NC_028959.1	NC_029001.1	17308	18641	89.030	1340	140	5	1653	0.0	4
NC_028959.1	NC_029001.1	16456	17052	80.744	618	89	19	455	7.30e-125	4
NC_028959.1	NC_028838.1	17934	18482	89.111	551	55	5	680	0.0	2
NC_028959.1	NC_028838.1	17727	17954	97.380	229	5	1	388	7.51e-105	2
NC_028959.1	NC_028838.1	19017	19279	89.734	263	27	0	337	2.76e-89	2
NC_028959.1	NC_028951.1	18477	19009	87.175	538	64	3	606	1.90e-170	3
NC_028959.1	NC_028951.1	16981	17650	80.808	693	99	23	512	4.27e-142	3
NC_028959.1	NC_028951.1	18227	18481	85.328	259	33	4	263	4.75e-67	3
NC_028959.1	NC_028951.1	19508	19756	83.730	252	35	6	233	3.72e-58	3
NC_028959.1	NC_019422.1	18695	19157	87.905	463	47	8	536	2.53e-149	1
NC_028959.1	NC_019422.1	18289	18572	90.526	285	26	1	375	5.84e-101	1
NC_028959.1	NC_015568.1	24549	24805	90.272	257	25	0	337	2.76e-89	0
NC_028959.1	NC_028905.1	24827	25083	90.272	257	25	0	337	2.76e-89	0
NC_028959.1	NC_007056.1	32643	32915	79.562	274	54	2	195	1.76e-46	1
